symbol,date,open,high,low,close,volume,value_traded,trades_count,is_final,partial,source_layer,source_run_id,source_file_sha256
7040,2026-07-02,90.7,90.7,89.4,89.4,86352,7762175.95,,,,render_normalized,tasi_2026-07-01_2026-07-25_20260724T224740032444Z,94d585e940d3932814e16b2c2d9d8088a8133afb375bbf783cc9a920dc9f56a4
7040,2026-07-05,89.5,89.95,88.1,88.3,175178,15528297.4,,,,render_normalized,tasi_2026-07-01_2026-07-25_20260724T224740032444Z,94d585e940d3932814e16b2c2d9d8088a8133afb375bbf783cc9a920dc9f56a4
7040,2026-07-06,88.3,89.5,87.05,89.5,239911,21226647.05,,,,render_normalized,tasi_2026-07-01_2026-07-25_20260724T224740032444Z,94d585e940d3932814e16b2c2d9d8088a8133afb375bbf783cc9a920dc9f56a4
7040,2026-07-07,89.7,89.75,88.05,88.35,205502,18222597.9,,,,render_normalized,tasi_2026-07-01_2026-07-25_20260724T224740032444Z,94d585e940d3932814e16b2c2d9d8088a8133afb375bbf783cc9a920dc9f56a4
7040,2026-07-08,88.65,89.6,87.75,88.0,210419,18628441.3,,,,render_normalized,tasi_2026-07-01_2026-07-25_20260724T224740032444Z,94d585e940d3932814e16b2c2d9d8088a8133afb375bbf783cc9a920dc9f56a4
7040,2026-07-09,88.85,89.45,87.9,88.65,116562,10349983.5,,,,render_normalized,tasi_2026-07-01_2026-07-25_20260724T224740032444Z,94d585e940d3932814e16b2c2d9d8088a8133afb375bbf783cc9a920dc9f56a4
7040,2026-07-12,88.65,88.9,88.2,88.7,65438,5789772.2,,,,render_normalized,tasi_2026-07-01_2026-07-25_20260724T224740032444Z,94d585e940d3932814e16b2c2d9d8088a8133afb375bbf783cc9a920dc9f56a4
7040,2026-07-13,88.7,89.05,88.15,88.45,85059,7530879.2,,,,render_normalized,tasi_2026-07-01_2026-07-25_20260724T224740032444Z,94d585e940d3932814e16b2c2d9d8088a8133afb375bbf783cc9a920dc9f56a4
7040,2026-07-14,88.45,88.45,85.8,86.0,169356,14721830.35,,,,render_normalized,tasi_2026-07-01_2026-07-25_20260724T224740032444Z,94d585e940d3932814e16b2c2d9d8088a8133afb375bbf783cc9a920dc9f56a4
7040,2026-07-15,86.0,87.05,85.8,86.6,106712,9197630.25,,,,render_normalized,tasi_2026-07-01_2026-07-25_20260724T224740032444Z,94d585e940d3932814e16b2c2d9d8088a8133afb375bbf783cc9a920dc9f56a4
7040,2026-07-16,86.85,86.85,85.3,86.45,78865,6768384.35,,,,render_normalized,tasi_2026-07-01_2026-07-25_20260724T224740032444Z,94d585e940d3932814e16b2c2d9d8088a8133afb375bbf783cc9a920dc9f56a4
7040,2026-07-19,86.6,86.7,85.5,86.0,34302,2952133.25,,,,render_normalized,tasi_2026-07-01_2026-07-25_20260724T224740032444Z,94d585e940d3932814e16b2c2d9d8088a8133afb375bbf783cc9a920dc9f56a4
7040,2026-07-20,86.8,86.8,85.4,86.3,54223,4659156.05,,,,render_normalized,tasi_2026-07-01_2026-07-25_20260724T224740032444Z,94d585e940d3932814e16b2c2d9d8088a8133afb375bbf783cc9a920dc9f56a4
7040,2026-07-21,86.3,86.85,85.35,85.6,56993,4894243.95,,,,render_normalized,tasi_2026-07-01_2026-07-25_20260724T224740032444Z,94d585e940d3932814e16b2c2d9d8088a8133afb375bbf783cc9a920dc9f56a4
7040,2026-07-22,85.6,85.9,85.2,85.45,81547,6974859.85,,,,render_normalized,tasi_2026-07-01_2026-07-25_20260724T224740032444Z,94d585e940d3932814e16b2c2d9d8088a8133afb375bbf783cc9a920dc9f56a4
7040,2026-07-23,85.3,86.2,85.1,85.15,59681,5107925.1,,,,render_normalized,tasi_2026-07-01_2026-07-25_20260724T224740032444Z,94d585e940d3932814e16b2c2d9d8088a8133afb375bbf783cc9a920dc9f56a4
7040,2026-07-26,85.6,85.6,83.5,83.85,119823,10093903.85,,,,render_normalized,tasi_2026-07-26_2026-07-26_20260726T153020799318Z,1399c61e8f7fe46fad0af17b0f849573aed0c13690e21df7605aa5855d1d51ae
7040,2026-07-27,83.85,86.5,83.7,86.05,162098,13775542.35,,,,render_normalized,tasi_2026-07-27_2026-07-27_20260727T153021805810Z,08e1cc329a03547ec4c23f2c91c1939d7f3b9ff851b637111c58a1c412e7a980
7040,2026-07-28,86.6,87.35,85.0,85.05,203330,17550717.3,,,,render_normalized,tasi_2026-07-28_2026-07-28_20260728T153021299306Z,81778e79668b6fab38ad71abd544b6abf663a6cbc4c72c97310bc6d5ec4e0335
7040,2026-07-29,85.25,85.5,83.15,83.6,114160,9588431.35,,,,render_normalized,tasi_2026-07-29_2026-07-29_20260729T153021317502Z,cfefe94f48b73159ae82df75463f4e3f4845d0dece465ad842aa061a0d350d8d
7040,2026-07-30,83.6,84.7,82.8,83.2,125247,10476987.75,,,,render_normalized,tasi_2026-07-30_2026-07-30_20260730T153023201204Z,289b5b91df42eedaba58013d4e726e69d9b729d08635fcf0e5525b016c8d4704
7200,2026-07-01,235.7,235.7,229.4,230.6,43631,10098413.3,,,,render_normalized,tasi_2026-07-01_2026-07-25_20260724T224740032444Z,94d585e940d3932814e16b2c2d9d8088a8133afb375bbf783cc9a920dc9f56a4
7200,2026-07-02,232.0,235.0,230.2,235.0,89194,20771969.5,,,,render_normalized,tasi_2026-07-01_2026-07-25_20260724T224740032444Z,94d585e940d3932814e16b2c2d9d8088a8133afb375bbf783cc9a920dc9f56a4
7200,2026-07-05,235.0,235.7,232.0,234.0,29786,6955447.8,,,,render_normalized,tasi_2026-07-01_2026-07-25_20260724T224740032444Z,94d585e940d3932814e16b2c2d9d8088a8133afb375bbf783cc9a920dc9f56a4
7200,2026-07-06,234.0,234.0,222.3,222.8,72853,16569054.2,,,,render_normalized,tasi_2026-07-01_2026-07-25_20260724T224740032444Z,94d585e940d3932814e16b2c2d9d8088a8133afb375bbf783cc9a920dc9f56a4
7200,2026-07-07,222.5,231.2,217.2,231.2,123929,27719927.1,,,,render_normalized,tasi_2026-07-01_2026-07-25_20260724T224740032444Z,94d585e940d3932814e16b2c2d9d8088a8133afb375bbf783cc9a920dc9f56a4
7200,2026-07-08,231.0,233.1,223.0,230.5,67731,15451553.4,,,,render_normalized,tasi_2026-07-01_2026-07-25_20260724T224740032444Z,94d585e940d3932814e16b2c2d9d8088a8133afb375bbf783cc9a920dc9f56a4
7200,2026-07-09,230.0,230.0,224.3,226.7,31275,7079176.0,,,,render_normalized,tasi_2026-07-01_2026-07-25_20260724T224740032444Z,94d585e940d3932814e16b2c2d9d8088a8133afb375bbf783cc9a920dc9f56a4
7200,2026-07-12,225.6,234.6,224.1,233.3,71074,16424351.0,,,,render_normalized,tasi_2026-07-01_2026-07-25_20260724T224740032444Z,94d585e940d3932814e16b2c2d9d8088a8133afb375bbf783cc9a920dc9f56a4
7200,2026-07-13,235.0,237.8,231.7,234.2,72890,17080678.2,,,,render_normalized,tasi_2026-07-01_2026-07-25_20260724T224740032444Z,94d585e940d3932814e16b2c2d9d8088a8133afb375bbf783cc9a920dc9f56a4
7200,2026-07-14,233.1,236.9,231.0,234.8,43534,10203863.3,,,,render_normalized,tasi_2026-07-01_2026-07-25_20260724T224740032444Z,94d585e940d3932814e16b2c2d9d8088a8133afb375bbf783cc9a920dc9f56a4
7200,2026-07-15,234.3,238.6,231.6,231.6,24470,5740862.4,,,,render_normalized,tasi_2026-07-01_2026-07-25_20260724T224740032444Z,94d585e940d3932814e16b2c2d9d8088a8133afb375bbf783cc9a920dc9f56a4
7200,2026-07-16,231.7,232.9,230.2,232.6,17756,4112833.4,,,,render_normalized,tasi_2026-07-01_2026-07-25_20260724T224740032444Z,94d585e940d3932814e16b2c2d9d8088a8133afb375bbf783cc9a920dc9f56a4
7200,2026-07-19,233.5,237.4,228.7,237.0,41625,9770515.2,,,,render_normalized,tasi_2026-07-01_2026-07-25_20260724T224740032444Z,94d585e940d3932814e16b2c2d9d8088a8133afb375bbf783cc9a920dc9f56a4
7200,2026-07-20,236.1,236.1,233.0,233.1,41817,9822627.2,,,,render_normalized,tasi_2026-07-01_2026-07-25_20260724T224740032444Z,94d585e940d3932814e16b2c2d9d8088a8133afb375bbf783cc9a920dc9f56a4
7200,2026-07-21,233.0,235.9,232.3,235.0,24446,5724269.1,,,,render_normalized,tasi_2026-07-01_2026-07-25_20260724T224740032444Z,94d585e940d3932814e16b2c2d9d8088a8133afb375bbf783cc9a920dc9f56a4
7200,2026-07-22,233.0,236.8,231.9,235.1,27634,6487169.7,,,,render_normalized,tasi_2026-07-01_2026-07-25_20260724T224740032444Z,94d585e940d3932814e16b2c2d9d8088a8133afb375bbf783cc9a920dc9f56a4
7200,2026-07-23,236.0,236.0,231.0,231.0,29133,6809761.7,,,,render_normalized,tasi_2026-07-01_2026-07-25_20260724T224740032444Z,94d585e940d3932814e16b2c2d9d8088a8133afb375bbf783cc9a920dc9f56a4
7200,2026-07-26,232.0,232.0,223.0,227.2,42214,9552042.6,,,,render_normalized,tasi_2026-07-26_2026-07-26_20260726T153020799318Z,1399c61e8f7fe46fad0af17b0f849573aed0c13690e21df7605aa5855d1d51ae
7200,2026-07-27,227.2,229.1,225.0,228.0,31499,7163801.3,,,,render_normalized,tasi_2026-07-27_2026-07-27_20260727T153021805810Z,08e1cc329a03547ec4c23f2c91c1939d7f3b9ff851b637111c58a1c412e7a980
7200,2026-07-28,228.2,228.2,221.0,222.1,20378,4558673.4,,,,render_normalized,tasi_2026-07-28_2026-07-28_20260728T153021299306Z,81778e79668b6fab38ad71abd544b6abf663a6cbc4c72c97310bc6d5ec4e0335
7200,2026-07-29,221.9,237.4,221.9,235.0,115383,26724276.9,,,,render_normalized,tasi_2026-07-29_2026-07-29_20260729T153021317502Z,cfefe94f48b73159ae82df75463f4e3f4845d0dece465ad842aa061a0d350d8d
7200,2026-07-30,236.0,244.3,234.0,241.2,175820,42329257.0,,,,render_normalized,tasi_2026-07-30_2026-07-30_20260730T153023201204Z,289b5b91df42eedaba58013d4e726e69d9b729d08635fcf0e5525b016c8d4704
7201,2026-07-01,3.62,3.62,3.47,3.54,1832374,6457025.75,,,,render_normalized,tasi_2026-07-01_2026-07-25_20260724T224740032444Z,94d585e940d3932814e16b2c2d9d8088a8133afb375bbf783cc9a920dc9f56a4
7201,2026-07-02,3.55,3.71,3.5,3.59,2833969,10234354.9,,,,render_normalized,tasi_2026-07-01_2026-07-25_20260724T224740032444Z,94d585e940d3932814e16b2c2d9d8088a8133afb375bbf783cc9a920dc9f56a4
7201,2026-07-05,3.6,3.69,3.6,3.63,1013876,3699944.71,,,,render_normalized,tasi_2026-07-01_2026-07-25_20260724T224740032444Z,94d585e940d3932814e16b2c2d9d8088a8133afb375bbf783cc9a920dc9f56a4
7201,2026-07-06,3.62,3.62,3.55,3.61,939641,3369880.01,,,,render_normalized,tasi_2026-07-01_2026-07-25_20260724T224740032444Z,94d585e940d3932814e16b2c2d9d8088a8133afb375bbf783cc9a920dc9f56a4
7201,2026-07-07,3.61,3.62,3.52,3.53,962716,3427233.39,,,,render_normalized,tasi_2026-07-01_2026-07-25_20260724T224740032444Z,94d585e940d3932814e16b2c2d9d8088a8133afb375bbf783cc9a920dc9f56a4
7201,2026-07-08,3.51,3.51,3.41,3.46,721757,2498519.46,,,,render_normalized,tasi_2026-07-01_2026-07-25_20260724T224740032444Z,94d585e940d3932814e16b2c2d9d8088a8133afb375bbf783cc9a920dc9f56a4
7201,2026-07-09,3.46,3.47,3.4,3.41,557190,1909115.07,,,,render_normalized,tasi_2026-07-01_2026-07-25_20260724T224740032444Z,94d585e940d3932814e16b2c2d9d8088a8133afb375bbf783cc9a920dc9f56a4
7201,2026-07-12,3.41,3.46,3.41,3.44,261913,900770.6,,,,render_normalized,tasi_2026-07-01_2026-07-25_20260724T224740032444Z,94d585e940d3932814e16b2c2d9d8088a8133afb375bbf783cc9a920dc9f56a4
7201,2026-07-13,3.43,3.46,3.42,3.44,286294,986987.47,,,,render_normalized,tasi_2026-07-01_2026-07-25_20260724T224740032444Z,94d585e940d3932814e16b2c2d9d8088a8133afb375bbf783cc9a920dc9f56a4
7201,2026-07-14,3.44,3.45,3.39,3.39,369996,1265387.51,,,,render_normalized,tasi_2026-07-01_2026-07-25_20260724T224740032444Z,94d585e940d3932814e16b2c2d9d8088a8133afb375bbf783cc9a920dc9f56a4
7201,2026-07-15,3.39,3.44,3.38,3.38,249313,848999.72,,,,render_normalized,tasi_2026-07-01_2026-07-25_20260724T224740032444Z,94d585e940d3932814e16b2c2d9d8088a8133afb375bbf783cc9a920dc9f56a4
7201,2026-07-16,3.37,3.4,3.34,3.37,351634,1183647.87,,,,render_normalized,tasi_2026-07-01_2026-07-25_20260724T224740032444Z,94d585e940d3932814e16b2c2d9d8088a8133afb375bbf783cc9a920dc9f56a4
7201,2026-07-19,3.35,3.37,3.3,3.35,334061,1111585.14,,,,render_normalized,tasi_2026-07-01_2026-07-25_20260724T224740032444Z,94d585e940d3932814e16b2c2d9d8088a8133afb375bbf783cc9a920dc9f56a4
7201,2026-07-20,3.36,3.37,3.32,3.32,203004,678901.11,,,,render_normalized,tasi_2026-07-01_2026-07-25_20260724T224740032444Z,94d585e940d3932814e16b2c2d9d8088a8133afb375bbf783cc9a920dc9f56a4
7201,2026-07-21,3.32,3.35,3.28,3.3,564066,1863342.73,,,,render_normalized,tasi_2026-07-01_2026-07-25_20260724T224740032444Z,94d585e940d3932814e16b2c2d9d8088a8133afb375bbf783cc9a920dc9f56a4
7201,2026-07-22,3.31,3.35,3.3,3.33,499136,1658199.2,,,,render_normalized,tasi_2026-07-01_2026-07-25_20260724T224740032444Z,94d585e940d3932814e16b2c2d9d8088a8133afb375bbf783cc9a920dc9f56a4
7201,2026-07-23,3.36,3.36,3.3,3.3,265390,877809.33,,,,render_normalized,tasi_2026-07-01_2026-07-25_20260724T224740032444Z,94d585e940d3932814e16b2c2d9d8088a8133afb375bbf783cc9a920dc9f56a4
7201,2026-07-26,3.3,3.33,3.27,3.32,219606,725797.6,,,,render_normalized,tasi_2026-07-26_2026-07-26_20260726T153020799318Z,1399c61e8f7fe46fad0af17b0f849573aed0c13690e21df7605aa5855d1d51ae
7201,2026-07-27,3.33,3.35,3.31,3.33,125083,415542.75,,,,render_normalized,tasi_2026-07-27_2026-07-27_20260727T153021805810Z,08e1cc329a03547ec4c23f2c91c1939d7f3b9ff851b637111c58a1c412e7a980
7201,2026-07-28,3.33,3.33,3.26,3.3,266056,874901.43,,,,render_normalized,tasi_2026-07-28_2026-07-28_20260728T153021299306Z,81778e79668b6fab38ad71abd544b6abf663a6cbc4c72c97310bc6d5ec4e0335
7201,2026-07-29,3.3,3.3,3.21,3.27,311545,1015026.1,,,,render_normalized,tasi_2026-07-29_2026-07-29_20260729T153021317502Z,cfefe94f48b73159ae82df75463f4e3f4845d0dece465ad842aa061a0d350d8d
7201,2026-07-30,3.3,3.3,3.27,3.27,207869,682215.81,,,,render_normalized,tasi_2026-07-30_2026-07-30_20260730T153023201204Z,289b5b91df42eedaba58013d4e726e69d9b729d08635fcf0e5525b016c8d4704
7202,2026-07-01,204.9,206.5,204.9,206.0,94789,19517258.3,,,,render_normalized,tasi_2026-07-01_2026-07-25_20260724T224740032444Z,94d585e940d3932814e16b2c2d9d8088a8133afb375bbf783cc9a920dc9f56a4
7202,2026-07-02,207.0,207.0,202.7,202.7,64216,13146988.1,,,,render_normalized,tasi_2026-07-01_2026-07-25_20260724T224740032444Z,94d585e940d3932814e16b2c2d9d8088a8133afb375bbf783cc9a920dc9f56a4
7202,2026-07-05,202.8,202.8,199.9,200.3,103649,20801022.4,,,,render_normalized,tasi_2026-07-01_2026-07-25_20260724T224740032444Z,94d585e940d3932814e16b2c2d9d8088a8133afb375bbf783cc9a920dc9f56a4
7202,2026-07-06,199.9,200.9,198.9,200.1,52404,10471112.1,,,,render_normalized,tasi_2026-07-01_2026-07-25_20260724T224740032444Z,94d585e940d3932814e16b2c2d9d8088a8133afb375bbf783cc9a920dc9f56a4
7202,2026-07-07,200.8,204.1,199.0,204.1,90838,18306641.4,,,,render_normalized,tasi_2026-07-01_2026-07-25_20260724T224740032444Z,94d585e940d3932814e16b2c2d9d8088a8133afb375bbf783cc9a920dc9f56a4
7202,2026-07-08,204.0,204.0,201.8,204.0,32085,6504205.3,,,,render_normalized,tasi_2026-07-01_2026-07-25_20260724T224740032444Z,94d585e940d3932814e16b2c2d9d8088a8133afb375bbf783cc9a920dc9f56a4
7202,2026-07-09,203.0,203.5,198.0,202.1,70527,14202284.5,,,,render_normalized,tasi_2026-07-01_2026-07-25_20260724T224740032444Z,94d585e940d3932814e16b2c2d9d8088a8133afb375bbf783cc9a920dc9f56a4
7202,2026-07-12,202.6,206.2,201.3,206.2,57133,11685114.5,,,,render_normalized,tasi_2026-07-01_2026-07-25_20260724T224740032444Z,94d585e940d3932814e16b2c2d9d8088a8133afb375bbf783cc9a920dc9f56a4
7202,2026-07-13,206.2,207.6,204.6,204.9,52592,10849247.9,,,,render_normalized,tasi_2026-07-01_2026-07-25_20260724T224740032444Z,94d585e940d3932814e16b2c2d9d8088a8133afb375bbf783cc9a920dc9f56a4
7202,2026-07-14,203.6,205.6,202.4,203.1,42276,8604055.1,,,,render_normalized,tasi_2026-07-01_2026-07-25_20260724T224740032444Z,94d585e940d3932814e16b2c2d9d8088a8133afb375bbf783cc9a920dc9f56a4
7202,2026-07-15,203.1,203.9,202.7,203.0,38826,7891914.3,,,,render_normalized,tasi_2026-07-01_2026-07-25_20260724T224740032444Z,94d585e940d3932814e16b2c2d9d8088a8133afb375bbf783cc9a920dc9f56a4
7202,2026-07-16,203.0,203.9,201.2,203.1,37219,7523238.9,,,,render_normalized,tasi_2026-07-01_2026-07-25_20260724T224740032444Z,94d585e940d3932814e16b2c2d9d8088a8133afb375bbf783cc9a920dc9f56a4
7202,2026-07-19,201.7,202.7,199.9,201.1,50533,10169139.6,,,,render_normalized,tasi_2026-07-01_2026-07-25_20260724T224740032444Z,94d585e940d3932814e16b2c2d9d8088a8133afb375bbf783cc9a920dc9f56a4
7202,2026-07-20,201.7,206.0,201.0,204.0,67168,13715179.5,,,,render_normalized,tasi_2026-07-01_2026-07-25_20260724T224740032444Z,94d585e940d3932814e16b2c2d9d8088a8133afb375bbf783cc9a920dc9f56a4
7202,2026-07-21,204.0,204.8,201.8,204.3,61653,12528146.2,,,,render_normalized,tasi_2026-07-01_2026-07-25_20260724T224740032444Z,94d585e940d3932814e16b2c2d9d8088a8133afb375bbf783cc9a920dc9f56a4
7202,2026-07-22,203.2,204.1,201.5,204.1,44886,9092046.3,,,,render_normalized,tasi_2026-07-01_2026-07-25_20260724T224740032444Z,94d585e940d3932814e16b2c2d9d8088a8133afb375bbf783cc9a920dc9f56a4
7202,2026-07-23,202.5,202.5,201.2,202.0,62246,12567493.8,,,,render_normalized,tasi_2026-07-01_2026-07-25_20260724T224740032444Z,94d585e940d3932814e16b2c2d9d8088a8133afb375bbf783cc9a920dc9f56a4
7202,2026-07-26,201.8,203.5,199.6,201.3,56002,11270957.7,,,,render_normalized,tasi_2026-07-26_2026-07-26_20260726T153020799318Z,1399c61e8f7fe46fad0af17b0f849573aed0c13690e21df7605aa5855d1d51ae
7202,2026-07-27,201.3,202.8,200.5,201.0,39913,8033778.3,,,,render_normalized,tasi_2026-07-27_2026-07-27_20260727T153021805810Z,08e1cc329a03547ec4c23f2c91c1939d7f3b9ff851b637111c58a1c412e7a980
7202,2026-07-28,202.0,202.5,199.7,199.8,55592,11141425.5,,,,render_normalized,tasi_2026-07-28_2026-07-28_20260728T153021299306Z,81778e79668b6fab38ad71abd544b6abf663a6cbc4c72c97310bc6d5ec4e0335
7202,2026-07-29,204.0,211.4,204.0,211.0,396953,82975262.5,,,,render_normalized,tasi_2026-07-29_2026-07-29_20260729T153021317502Z,cfefe94f48b73159ae82df75463f4e3f4845d0dece465ad842aa061a0d350d8d
7202,2026-07-30,210.5,214.9,209.6,214.9,164617,35072341.8,,,,render_normalized,tasi_2026-07-30_2026-07-30_20260730T153023201204Z,289b5b91df42eedaba58013d4e726e69d9b729d08635fcf0e5525b016c8d4704
7203,2026-07-01,689.0,695.0,685.5,685.5,55545,38372380.5,,,,render_normalized,tasi_2026-07-01_2026-07-25_20260724T224740032444Z,94d585e940d3932814e16b2c2d9d8088a8133afb375bbf783cc9a920dc9f56a4
7203,2026-07-02,686.5,690.0,678.0,678.0,48821,33368451.5,,,,render_normalized,tasi_2026-07-01_2026-07-25_20260724T224740032444Z,94d585e940d3932814e16b2c2d9d8088a8133afb375bbf783cc9a920dc9f56a4
7203,2026-07-05,680.0,686.5,666.5,669.0,60805,41189166.0,,,,render_normalized,tasi_2026-07-01_2026-07-25_20260724T224740032444Z,94d585e940d3932814e16b2c2d9d8088a8133afb375bbf783cc9a920dc9f56a4
7203,2026-07-06,669.0,671.5,657.0,663.5,47471,31494415.5,,,,render_normalized,tasi_2026-07-01_2026-07-25_20260724T224740032444Z,94d585e940d3932814e16b2c2d9d8088a8133afb375bbf783cc9a920dc9f56a4
7203,2026-07-07,663.5,663.5,655.5,662.0,57499,37931133.5,,,,render_normalized,tasi_2026-07-01_2026-07-25_20260724T224740032444Z,94d585e940d3932814e16b2c2d9d8088a8133afb375bbf783cc9a920dc9f56a4
7203,2026-07-08,661.0,673.0,660.0,672.0,53942,35985132.0,,,,render_normalized,tasi_2026-07-01_2026-07-25_20260724T224740032444Z,94d585e940d3932814e16b2c2d9d8088a8133afb375bbf783cc9a920dc9f56a4
7203,2026-07-09,673.0,673.0,658.0,663.0,53575,35484425.5,,,,render_normalized,tasi_2026-07-01_2026-07-25_20260724T224740032444Z,94d585e940d3932814e16b2c2d9d8088a8133afb375bbf783cc9a920dc9f56a4
7203,2026-07-12,663.0,672.0,663.0,663.0,23672,15821454.5,,,,render_normalized,tasi_2026-07-01_2026-07-25_20260724T224740032444Z,94d585e940d3932814e16b2c2d9d8088a8133afb375bbf783cc9a920dc9f56a4
7203,2026-07-13,663.5,672.5,656.0,656.0,59763,39690718.0,,,,render_normalized,tasi_2026-07-01_2026-07-25_20260724T224740032444Z,94d585e940d3932814e16b2c2d9d8088a8133afb375bbf783cc9a920dc9f56a4
7203,2026-07-14,655.5,657.5,644.0,645.0,45416,29494463.5,,,,render_normalized,tasi_2026-07-01_2026-07-25_20260724T224740032444Z,94d585e940d3932814e16b2c2d9d8088a8133afb375bbf783cc9a920dc9f56a4
7203,2026-07-15,645.0,649.5,641.0,641.0,60658,39114108.0,,,,render_normalized,tasi_2026-07-01_2026-07-25_20260724T224740032444Z,94d585e940d3932814e16b2c2d9d8088a8133afb375bbf783cc9a920dc9f56a4
7203,2026-07-16,641.0,643.5,635.0,643.0,44327,28333734.5,,,,render_normalized,tasi_2026-07-01_2026-07-25_20260724T224740032444Z,94d585e940d3932814e16b2c2d9d8088a8133afb375bbf783cc9a920dc9f56a4
7203,2026-07-19,643.0,643.0,632.0,639.5,23448,14915299.0,,,,render_normalized,tasi_2026-07-01_2026-07-25_20260724T224740032444Z,94d585e940d3932814e16b2c2d9d8088a8133afb375bbf783cc9a920dc9f56a4
7203,2026-07-20,635.5,647.0,635.0,645.0,51220,32948480.5,,,,render_normalized,tasi_2026-07-01_2026-07-25_20260724T224740032444Z,94d585e940d3932814e16b2c2d9d8088a8133afb375bbf783cc9a920dc9f56a4
7203,2026-07-21,646.0,664.0,644.0,662.0,54234,35496230.5,,,,render_normalized,tasi_2026-07-01_2026-07-25_20260724T224740032444Z,94d585e940d3932814e16b2c2d9d8088a8133afb375bbf783cc9a920dc9f56a4
7203,2026-07-22,662.0,663.5,648.0,659.0,51301,33674591.0,,,,render_normalized,tasi_2026-07-01_2026-07-25_20260724T224740032444Z,94d585e940d3932814e16b2c2d9d8088a8133afb375bbf783cc9a920dc9f56a4
7203,2026-07-23,664.0,693.0,658.0,688.5,130077,88562809.5,,,,render_normalized,tasi_2026-07-01_2026-07-25_20260724T224740032444Z,94d585e940d3932814e16b2c2d9d8088a8133afb375bbf783cc9a920dc9f56a4
7203,2026-07-26,688.5,692.0,662.0,666.0,86958,58495147.0,,,,render_normalized,tasi_2026-07-26_2026-07-26_20260726T153020799318Z,1399c61e8f7fe46fad0af17b0f849573aed0c13690e21df7605aa5855d1d51ae
7203,2026-07-27,666.0,680.0,665.0,670.5,108797,73208748.5,,,,render_normalized,tasi_2026-07-27_2026-07-27_20260727T153021805810Z,08e1cc329a03547ec4c23f2c91c1939d7f3b9ff851b637111c58a1c412e7a980
7203,2026-07-28,669.0,676.5,662.0,673.5,49177,33038404.5,,,,render_normalized,tasi_2026-07-28_2026-07-28_20260728T153021299306Z,81778e79668b6fab38ad71abd544b6abf663a6cbc4c72c97310bc6d5ec4e0335
7203,2026-07-29,670.0,680.0,669.5,675.5,79339,53391851.5,,,,render_normalized,tasi_2026-07-29_2026-07-29_20260729T153021317502Z,cfefe94f48b73159ae82df75463f4e3f4845d0dece465ad842aa061a0d350d8d
7203,2026-07-30,674.0,680.0,672.0,678.0,73649,49829079.0,,,,render_normalized,tasi_2026-07-30_2026-07-30_20260730T153023201204Z,289b5b91df42eedaba58013d4e726e69d9b729d08635fcf0e5525b016c8d4704
7204,2026-07-01,6.53,6.68,6.53,6.61,516407,3419655.48,,,,render_normalized,tasi_2026-07-01_2026-07-25_20260724T224740032444Z,94d585e940d3932814e16b2c2d9d8088a8133afb375bbf783cc9a920dc9f56a4
7204,2026-07-02,6.65,6.76,6.57,6.57,469588,3129799.08,,,,render_normalized,tasi_2026-07-01_2026-07-25_20260724T224740032444Z,94d585e940d3932814e16b2c2d9d8088a8133afb375bbf783cc9a920dc9f56a4
7204,2026-07-05,6.62,6.7,6.58,6.63,314342,2084170.45,,,,render_normalized,tasi_2026-07-01_2026-07-25_20260724T224740032444Z,94d585e940d3932814e16b2c2d9d8088a8133afb375bbf783cc9a920dc9f56a4
7204,2026-07-06,6.64,6.64,6.47,6.47,389722,2548191.09,,,,render_normalized,tasi_2026-07-01_2026-07-25_20260724T224740032444Z,94d585e940d3932814e16b2c2d9d8088a8133afb375bbf783cc9a920dc9f56a4
7204,2026-07-07,6.48,6.57,6.36,6.36,947301,6114464.72,,,,render_normalized,tasi_2026-07-01_2026-07-25_20260724T224740032444Z,94d585e940d3932814e16b2c2d9d8088a8133afb375bbf783cc9a920dc9f56a4
7204,2026-07-08,6.36,6.38,6.31,6.31,496571,3144735.73,,,,render_normalized,tasi_2026-07-01_2026-07-25_20260724T224740032444Z,94d585e940d3932814e16b2c2d9d8088a8133afb375bbf783cc9a920dc9f56a4
7204,2026-07-09,6.31,6.36,6.3,6.3,236050,1492371.8,,,,render_normalized,tasi_2026-07-01_2026-07-25_20260724T224740032444Z,94d585e940d3932814e16b2c2d9d8088a8133afb375bbf783cc9a920dc9f56a4
7204,2026-07-12,6.32,6.39,6.31,6.36,136537,867968.92,,,,render_normalized,tasi_2026-07-01_2026-07-25_20260724T224740032444Z,94d585e940d3932814e16b2c2d9d8088a8133afb375bbf783cc9a920dc9f56a4
7204,2026-07-13,6.37,6.42,6.3,6.35,268032,1710438.31,,,,render_normalized,tasi_2026-07-01_2026-07-25_20260724T224740032444Z,94d585e940d3932814e16b2c2d9d8088a8133afb375bbf783cc9a920dc9f56a4
7204,2026-07-14,6.35,6.37,6.23,6.24,501149,3145677.76,,,,render_normalized,tasi_2026-07-01_2026-07-25_20260724T224740032444Z,94d585e940d3932814e16b2c2d9d8088a8133afb375bbf783cc9a920dc9f56a4
7204,2026-07-15,6.23,6.29,6.23,6.24,172951,1081408.56,,,,render_normalized,tasi_2026-07-01_2026-07-25_20260724T224740032444Z,94d585e940d3932814e16b2c2d9d8088a8133afb375bbf783cc9a920dc9f56a4
7204,2026-07-16,6.24,6.26,6.15,6.18,468644,2907910.46,,,,render_normalized,tasi_2026-07-01_2026-07-25_20260724T224740032444Z,94d585e940d3932814e16b2c2d9d8088a8133afb375bbf783cc9a920dc9f56a4
7204,2026-07-19,6.18,6.18,6.1,6.16,266004,1630922.4,,,,render_normalized,tasi_2026-07-01_2026-07-25_20260724T224740032444Z,94d585e940d3932814e16b2c2d9d8088a8133afb375bbf783cc9a920dc9f56a4
7204,2026-07-20,6.15,6.17,6.1,6.11,241452,1480706.86,,,,render_normalized,tasi_2026-07-01_2026-07-25_20260724T224740032444Z,94d585e940d3932814e16b2c2d9d8088a8133afb375bbf783cc9a920dc9f56a4
7204,2026-07-21,6.13,6.13,6.01,6.04,600995,3635024.57,,,,render_normalized,tasi_2026-07-01_2026-07-25_20260724T224740032444Z,94d585e940d3932814e16b2c2d9d8088a8133afb375bbf783cc9a920dc9f56a4
7204,2026-07-22,6.04,6.2,6.03,6.13,503033,3082061.18,,,,render_normalized,tasi_2026-07-01_2026-07-25_20260724T224740032444Z,94d585e940d3932814e16b2c2d9d8088a8133afb375bbf783cc9a920dc9f56a4
7204,2026-07-23,6.14,6.26,6.09,6.16,330439,2041177.38,,,,render_normalized,tasi_2026-07-01_2026-07-25_20260724T224740032444Z,94d585e940d3932814e16b2c2d9d8088a8133afb375bbf783cc9a920dc9f56a4
7204,2026-07-26,6.19,6.19,6.1,6.15,172052,1056805.05,,,,render_normalized,tasi_2026-07-26_2026-07-26_20260726T153020799318Z,1399c61e8f7fe46fad0af17b0f849573aed0c13690e21df7605aa5855d1d51ae
7204,2026-07-27,6.15,6.29,6.15,6.19,269392,1670203.18,,,,render_normalized,tasi_2026-07-27_2026-07-27_20260727T153021805810Z,08e1cc329a03547ec4c23f2c91c1939d7f3b9ff851b637111c58a1c412e7a980
7204,2026-07-28,6.17,6.17,6.02,6.11,470403,2858724.29,,,,render_normalized,tasi_2026-07-28_2026-07-28_20260728T153021299306Z,81778e79668b6fab38ad71abd544b6abf663a6cbc4c72c97310bc6d5ec4e0335
7204,2026-07-29,6.04,6.07,5.95,6.07,514887,3096805.31,,,,render_normalized,tasi_2026-07-29_2026-07-29_20260729T153021317502Z,cfefe94f48b73159ae82df75463f4e3f4845d0dece465ad842aa061a0d350d8d
7204,2026-07-30,6.01,6.09,5.99,6.01,316344,1905543.42,,,,render_normalized,tasi_2026-07-30_2026-07-30_20260730T153023201204Z,289b5b91df42eedaba58013d4e726e69d9b729d08635fcf0e5525b016c8d4704
7205,2026-07-01,11.36,11.54,11.09,11.21,1670579,18915766.0,,,,render_normalized,tasi_2026-07-01_2026-07-25_20260724T224740032444Z,94d585e940d3932814e16b2c2d9d8088a8133afb375bbf783cc9a920dc9f56a4
7205,2026-07-02,11.2,11.26,11.07,11.11,1292119,14403137.02,,,,render_normalized,tasi_2026-07-01_2026-07-25_20260724T224740032444Z,94d585e940d3932814e16b2c2d9d8088a8133afb375bbf783cc9a920dc9f56a4
7205,2026-07-05,11.12,11.46,11.11,11.23,1530248,17229812.36,,,,render_normalized,tasi_2026-07-01_2026-07-25_20260724T224740032444Z,94d585e940d3932814e16b2c2d9d8088a8133afb375bbf783cc9a920dc9f56a4
7205,2026-07-06,11.23,11.26,11.01,11.05,875159,9713074.71,,,,render_normalized,tasi_2026-07-01_2026-07-25_20260724T224740032444Z,94d585e940d3932814e16b2c2d9d8088a8133afb375bbf783cc9a920dc9f56a4
7205,2026-07-07,11.06,11.15,10.95,11.01,762032,8405121.12,,,,render_normalized,tasi_2026-07-01_2026-07-25_20260724T224740032444Z,94d585e940d3932814e16b2c2d9d8088a8133afb375bbf783cc9a920dc9f56a4
7205,2026-07-08,11.02,11.33,10.78,10.81,2765798,30667968.21,,,,render_normalized,tasi_2026-07-01_2026-07-25_20260724T224740032444Z,94d585e940d3932814e16b2c2d9d8088a8133afb375bbf783cc9a920dc9f56a4
7205,2026-07-09,10.81,10.85,10.34,10.37,1901286,20111883.97,,,,render_normalized,tasi_2026-07-01_2026-07-25_20260724T224740032444Z,94d585e940d3932814e16b2c2d9d8088a8133afb375bbf783cc9a920dc9f56a4
7205,2026-07-12,10.28,10.46,10.26,10.35,897871,9315411.58,,,,render_normalized,tasi_2026-07-01_2026-07-25_20260724T224740032444Z,94d585e940d3932814e16b2c2d9d8088a8133afb375bbf783cc9a920dc9f56a4
7205,2026-07-13,10.35,10.42,10.09,10.12,1456152,14849214.63,,,,render_normalized,tasi_2026-07-01_2026-07-25_20260724T224740032444Z,94d585e940d3932814e16b2c2d9d8088a8133afb375bbf783cc9a920dc9f56a4
7205,2026-07-14,10.08,10.98,10.03,10.71,5676412,60328694.72,,,,render_normalized,tasi_2026-07-01_2026-07-25_20260724T224740032444Z,94d585e940d3932814e16b2c2d9d8088a8133afb375bbf783cc9a920dc9f56a4
7205,2026-07-15,10.65,11.21,10.44,10.72,6046813,65987240.9,,,,render_normalized,tasi_2026-07-01_2026-07-25_20260724T224740032444Z,94d585e940d3932814e16b2c2d9d8088a8133afb375bbf783cc9a920dc9f56a4
7205,2026-07-16,10.72,11.07,10.58,10.6,1780973,19231506.39,,,,render_normalized,tasi_2026-07-01_2026-07-25_20260724T224740032444Z,94d585e940d3932814e16b2c2d9d8088a8133afb375bbf783cc9a920dc9f56a4
7205,2026-07-19,10.62,10.65,10.42,10.43,692938,7303032.95,,,,render_normalized,tasi_2026-07-01_2026-07-25_20260724T224740032444Z,94d585e940d3932814e16b2c2d9d8088a8133afb375bbf783cc9a920dc9f56a4
7205,2026-07-20,10.44,10.69,10.31,10.57,1445519,15184643.58,,,,render_normalized,tasi_2026-07-01_2026-07-25_20260724T224740032444Z,94d585e940d3932814e16b2c2d9d8088a8133afb375bbf783cc9a920dc9f56a4
7205,2026-07-21,10.67,10.85,10.48,10.55,1272584,13545096.46,,,,render_normalized,tasi_2026-07-01_2026-07-25_20260724T224740032444Z,94d585e940d3932814e16b2c2d9d8088a8133afb375bbf783cc9a920dc9f56a4
7205,2026-07-22,10.69,10.71,10.38,10.4,700124,7357056.8,,,,render_normalized,tasi_2026-07-01_2026-07-25_20260724T224740032444Z,94d585e940d3932814e16b2c2d9d8088a8133afb375bbf783cc9a920dc9f56a4
7205,2026-07-23,10.4,10.49,10.26,10.26,585512,6064484.86,,,,render_normalized,tasi_2026-07-01_2026-07-25_20260724T224740032444Z,94d585e940d3932814e16b2c2d9d8088a8133afb375bbf783cc9a920dc9f56a4
7205,2026-07-26,10.28,10.39,10.14,10.24,453369,4636459.6,,,,render_normalized,tasi_2026-07-26_2026-07-26_20260726T153020799318Z,1399c61e8f7fe46fad0af17b0f849573aed0c13690e21df7605aa5855d1d51ae
7205,2026-07-27,10.3,10.96,10.23,10.85,2575341,27466906.35,,,,render_normalized,tasi_2026-07-27_2026-07-27_20260727T153021805810Z,08e1cc329a03547ec4c23f2c91c1939d7f3b9ff851b637111c58a1c412e7a980
7205,2026-07-28,10.8,11.12,10.46,10.46,2522380,27188825.56,,,,render_normalized,tasi_2026-07-28_2026-07-28_20260728T153021299306Z,81778e79668b6fab38ad71abd544b6abf663a6cbc4c72c97310bc6d5ec4e0335
7205,2026-07-29,10.55,10.55,9.99,10.35,986712,10122621.43,,,,render_normalized,tasi_2026-07-29_2026-07-29_20260729T153021317502Z,cfefe94f48b73159ae82df75463f4e3f4845d0dece465ad842aa061a0d350d8d
7205,2026-07-30,10.4,10.4,9.95,9.95,1618631,16337668.79,,,,render_normalized,tasi_2026-07-30_2026-07-30_20260730T153023201204Z,289b5b91df42eedaba58013d4e726e69d9b729d08635fcf0e5525b016c8d4704
7211,2026-07-01,21.7,21.7,21.36,21.36,32972,707841.03,,,,render_normalized,tasi_2026-07-01_2026-07-25_20260724T224740032444Z,94d585e940d3932814e16b2c2d9d8088a8133afb375bbf783cc9a920dc9f56a4
7211,2026-07-02,21.36,21.49,21.3,21.36,8936,191129.35,,,,render_normalized,tasi_2026-07-01_2026-07-25_20260724T224740032444Z,94d585e940d3932814e16b2c2d9d8088a8133afb375bbf783cc9a920dc9f56a4
7211,2026-07-05,21.25,21.45,21.0,21.29,46330,985258.08,,,,render_normalized,tasi_2026-07-01_2026-07-25_20260724T224740032444Z,94d585e940d3932814e16b2c2d9d8088a8133afb375bbf783cc9a920dc9f56a4
7211,2026-07-06,21.21,21.33,21.12,21.25,33458,709571.71,,,,render_normalized,tasi_2026-07-01_2026-07-25_20260724T224740032444Z,94d585e940d3932814e16b2c2d9d8088a8133afb375bbf783cc9a920dc9f56a4
7211,2026-07-07,21.25,21.25,21.07,21.1,30074,635081.03,,,,render_normalized,tasi_2026-07-01_2026-07-25_20260724T224740032444Z,94d585e940d3932814e16b2c2d9d8088a8133afb375bbf783cc9a920dc9f56a4
7211,2026-07-08,21.17,21.17,20.92,21.1,68851,1446105.1,,,,render_normalized,tasi_2026-07-01_2026-07-25_20260724T224740032444Z,94d585e940d3932814e16b2c2d9d8088a8133afb375bbf783cc9a920dc9f56a4
7211,2026-07-09,21.17,21.17,20.8,20.8,36529,763992.08,,,,render_normalized,tasi_2026-07-01_2026-07-25_20260724T224740032444Z,94d585e940d3932814e16b2c2d9d8088a8133afb375bbf783cc9a920dc9f56a4
7211,2026-07-12,20.98,20.98,20.72,20.8,30270,630997.4,,,,render_normalized,tasi_2026-07-01_2026-07-25_20260724T224740032444Z,94d585e940d3932814e16b2c2d9d8088a8133afb375bbf783cc9a920dc9f56a4
7211,2026-07-13,20.65,20.87,20.5,20.62,47658,986554.6,,,,render_normalized,tasi_2026-07-01_2026-07-25_20260724T224740032444Z,94d585e940d3932814e16b2c2d9d8088a8133afb375bbf783cc9a920dc9f56a4
7211,2026-07-14,20.5,21.08,20.16,20.87,333608,6818965.19,,,,render_normalized,tasi_2026-07-01_2026-07-25_20260724T224740032444Z,94d585e940d3932814e16b2c2d9d8088a8133afb375bbf783cc9a920dc9f56a4
7211,2026-07-15,20.87,21.68,20.74,21.37,139089,2963438.29,,,,render_normalized,tasi_2026-07-01_2026-07-25_20260724T224740032444Z,94d585e940d3932814e16b2c2d9d8088a8133afb375bbf783cc9a920dc9f56a4
7211,2026-07-16,21.07,22.32,21.05,21.15,396284,8685356.97,,,,render_normalized,tasi_2026-07-01_2026-07-25_20260724T224740032444Z,94d585e940d3932814e16b2c2d9d8088a8133afb375bbf783cc9a920dc9f56a4
7211,2026-07-19,21.19,21.99,20.72,21.77,157655,3372567.69,,,,render_normalized,tasi_2026-07-01_2026-07-25_20260724T224740032444Z,94d585e940d3932814e16b2c2d9d8088a8133afb375bbf783cc9a920dc9f56a4
7211,2026-07-20,21.51,22.3,21.51,21.8,324679,7136134.21,,,,render_normalized,tasi_2026-07-01_2026-07-25_20260724T224740032444Z,94d585e940d3932814e16b2c2d9d8088a8133afb375bbf783cc9a920dc9f56a4
7211,2026-07-21,21.8,22.4,21.8,22.09,161939,3590087.81,,,,render_normalized,tasi_2026-07-01_2026-07-25_20260724T224740032444Z,94d585e940d3932814e16b2c2d9d8088a8133afb375bbf783cc9a920dc9f56a4
7211,2026-07-22,22.09,22.79,21.97,22.4,298351,6694702.26,,,,render_normalized,tasi_2026-07-01_2026-07-25_20260724T224740032444Z,94d585e940d3932814e16b2c2d9d8088a8133afb375bbf783cc9a920dc9f56a4
7211,2026-07-23,22.4,22.56,21.71,21.98,185380,4098319.94,,,,render_normalized,tasi_2026-07-01_2026-07-25_20260724T224740032444Z,94d585e940d3932814e16b2c2d9d8088a8133afb375bbf783cc9a920dc9f56a4
7211,2026-07-26,22.14,22.14,21.49,21.72,60748,1320377.6,,,,render_normalized,tasi_2026-07-26_2026-07-26_20260726T153020799318Z,1399c61e8f7fe46fad0af17b0f849573aed0c13690e21df7605aa5855d1d51ae
7211,2026-07-27,21.74,21.9,21.2,21.41,68991,1484566.81,,,,render_normalized,tasi_2026-07-27_2026-07-27_20260727T153021805810Z,08e1cc329a03547ec4c23f2c91c1939d7f3b9ff851b637111c58a1c412e7a980
7211,2026-07-28,21.14,21.36,21.14,21.2,50016,1061235.69,,,,render_normalized,tasi_2026-07-28_2026-07-28_20260728T153021299306Z,81778e79668b6fab38ad71abd544b6abf663a6cbc4c72c97310bc6d5ec4e0335
7211,2026-07-29,21.14,21.4,21.07,21.2,29870,633799.71,,,,render_normalized,tasi_2026-07-29_2026-07-29_20260729T153021317502Z,cfefe94f48b73159ae82df75463f4e3f4845d0dece465ad842aa061a0d350d8d
7211,2026-07-30,21.27,21.45,20.8,20.91,38474,807890.49,,,,render_normalized,tasi_2026-07-30_2026-07-30_20260730T153023201204Z,289b5b91df42eedaba58013d4e726e69d9b729d08635fcf0e5525b016c8d4704
8010,2026-07-01,145.5,147.8,145.5,146.8,225806,33013232.5,,,,render_normalized,tasi_2026-07-01_2026-07-25_20260724T224740032444Z,94d585e940d3932814e16b2c2d9d8088a8133afb375bbf783cc9a920dc9f56a4
8010,2026-07-02,146.8,147.0,144.5,144.5,134885,19582534.4,,,,render_normalized,tasi_2026-07-01_2026-07-25_20260724T224740032444Z,94d585e940d3932814e16b2c2d9d8088a8133afb375bbf783cc9a920dc9f56a4
8010,2026-07-05,144.0,144.3,139.0,139.0,102252,14435404.2,,,,render_normalized,tasi_2026-07-01_2026-07-25_20260724T224740032444Z,94d585e940d3932814e16b2c2d9d8088a8133afb375bbf783cc9a920dc9f56a4
8010,2026-07-06,139.0,144.2,139.0,142.0,354694,50279039.8,,,,render_normalized,tasi_2026-07-01_2026-07-25_20260724T224740032444Z,94d585e940d3932814e16b2c2d9d8088a8133afb375bbf783cc9a920dc9f56a4
8010,2026-07-07,142.0,143.5,140.8,143.5,118045,16816890.8,,,,render_normalized,tasi_2026-07-01_2026-07-25_20260724T224740032444Z,94d585e940d3932814e16b2c2d9d8088a8133afb375bbf783cc9a920dc9f56a4
8010,2026-07-08,143.0,143.4,139.7,140.4,270022,38074068.3,,,,render_normalized,tasi_2026-07-01_2026-07-25_20260724T224740032444Z,94d585e940d3932814e16b2c2d9d8088a8133afb375bbf783cc9a920dc9f56a4
8010,2026-07-09,140.5,142.4,139.5,142.3,138984,19658374.8,,,,render_normalized,tasi_2026-07-01_2026-07-25_20260724T224740032444Z,94d585e940d3932814e16b2c2d9d8088a8133afb375bbf783cc9a920dc9f56a4
8010,2026-07-12,142.0,142.0,138.6,138.6,28973,4071659.9,,,,render_normalized,tasi_2026-07-01_2026-07-25_20260724T224740032444Z,94d585e940d3932814e16b2c2d9d8088a8133afb375bbf783cc9a920dc9f56a4
8010,2026-07-13,138.6,139.6,136.9,137.0,258633,35657388.7,,,,render_normalized,tasi_2026-07-01_2026-07-25_20260724T224740032444Z,94d585e940d3932814e16b2c2d9d8088a8133afb375bbf783cc9a920dc9f56a4
8010,2026-07-14,137.3,138.0,136.5,137.6,137646,18889158.5,,,,render_normalized,tasi_2026-07-01_2026-07-25_20260724T224740032444Z,94d585e940d3932814e16b2c2d9d8088a8133afb375bbf783cc9a920dc9f56a4
8010,2026-07-15,136.6,138.6,134.8,135.4,260459,35638998.0,,,,render_normalized,tasi_2026-07-01_2026-07-25_20260724T224740032444Z,94d585e940d3932814e16b2c2d9d8088a8133afb375bbf783cc9a920dc9f56a4
8010,2026-07-16,137.0,137.3,134.9,137.3,143313,19532520.4,,,,render_normalized,tasi_2026-07-01_2026-07-25_20260724T224740032444Z,94d585e940d3932814e16b2c2d9d8088a8133afb375bbf783cc9a920dc9f56a4
8010,2026-07-19,136.0,137.9,135.3,137.9,96777,13218274.2,,,,render_normalized,tasi_2026-07-01_2026-07-25_20260724T224740032444Z,94d585e940d3932814e16b2c2d9d8088a8133afb375bbf783cc9a920dc9f56a4
8010,2026-07-20,137.9,138.5,136.2,137.4,82164,11297103.0,,,,render_normalized,tasi_2026-07-01_2026-07-25_20260724T224740032444Z,94d585e940d3932814e16b2c2d9d8088a8133afb375bbf783cc9a920dc9f56a4
8010,2026-07-21,138.0,139.2,137.1,138.7,116773,16159604.0,,,,render_normalized,tasi_2026-07-01_2026-07-25_20260724T224740032444Z,94d585e940d3932814e16b2c2d9d8088a8133afb375bbf783cc9a920dc9f56a4
8010,2026-07-22,139.8,139.8,137.9,138.9,144070,19992708.3,,,,render_normalized,tasi_2026-07-01_2026-07-25_20260724T224740032444Z,94d585e940d3932814e16b2c2d9d8088a8133afb375bbf783cc9a920dc9f56a4
8010,2026-07-23,138.8,141.8,137.6,140.3,291650,40834406.0,,,,render_normalized,tasi_2026-07-01_2026-07-25_20260724T224740032444Z,94d585e940d3932814e16b2c2d9d8088a8133afb375bbf783cc9a920dc9f56a4
8010,2026-07-26,140.4,142.0,138.4,138.7,88401,12338906.9,,,,render_normalized,tasi_2026-07-26_2026-07-26_20260726T153020799318Z,1399c61e8f7fe46fad0af17b0f849573aed0c13690e21df7605aa5855d1d51ae
8010,2026-07-27,138.7,140.3,138.1,138.8,121113,16858637.0,,,,render_normalized,tasi_2026-07-27_2026-07-27_20260727T153021805810Z,08e1cc329a03547ec4c23f2c91c1939d7f3b9ff851b637111c58a1c412e7a980
8010,2026-07-28,138.8,138.8,136.1,136.1,76653,10517875.4,,,,render_normalized,tasi_2026-07-28_2026-07-28_20260728T153021299306Z,81778e79668b6fab38ad71abd544b6abf663a6cbc4c72c97310bc6d5ec4e0335
8010,2026-07-29,136.1,136.7,133.4,136.2,198472,26739968.9,,,,render_normalized,tasi_2026-07-29_2026-07-29_20260729T153021317502Z,cfefe94f48b73159ae82df75463f4e3f4845d0dece465ad842aa061a0d350d8d
8010,2026-07-30,133.5,133.9,122.6,122.6,1248257,154298789.8,,,,render_normalized,tasi_2026-07-30_2026-07-30_20260730T153023201204Z,289b5b91df42eedaba58013d4e726e69d9b729d08635fcf0e5525b016c8d4704
8012,2026-07-01,11.73,11.98,11.6,11.96,265284,3131862.86,,,,render_normalized,tasi_2026-07-01_2026-07-25_20260724T224740032444Z,94d585e940d3932814e16b2c2d9d8088a8133afb375bbf783cc9a920dc9f56a4
8012,2026-07-02,11.92,13.11,11.82,13.09,1600191,20058528.0,,,,render_normalized,tasi_2026-07-01_2026-07-25_20260724T224740032444Z,94d585e940d3932814e16b2c2d9d8088a8133afb375bbf783cc9a920dc9f56a4
8012,2026-07-05,13.09,13.09,12.64,12.71,390159,5017071.3,,,,render_normalized,tasi_2026-07-01_2026-07-25_20260724T224740032444Z,94d585e940d3932814e16b2c2d9d8088a8133afb375bbf783cc9a920dc9f56a4
8012,2026-07-06,12.7,12.88,12.39,12.6,273793,3452736.17,,,,render_normalized,tasi_2026-07-01_2026-07-25_20260724T224740032444Z,94d585e940d3932814e16b2c2d9d8088a8133afb375bbf783cc9a920dc9f56a4
8012,2026-07-07,12.38,12.57,12.36,12.54,99106,1231958.26,,,,render_normalized,tasi_2026-07-01_2026-07-25_20260724T224740032444Z,94d585e940d3932814e16b2c2d9d8088a8133afb375bbf783cc9a920dc9f56a4
8012,2026-07-08,12.37,12.4,12.0,12.14,108892,1324745.3,,,,render_normalized,tasi_2026-07-01_2026-07-25_20260724T224740032444Z,94d585e940d3932814e16b2c2d9d8088a8133afb375bbf783cc9a920dc9f56a4
8012,2026-07-09,12.12,12.41,12.05,12.41,123143,1511064.5,,,,render_normalized,tasi_2026-07-01_2026-07-25_20260724T224740032444Z,94d585e940d3932814e16b2c2d9d8088a8133afb375bbf783cc9a920dc9f56a4
8012,2026-07-12,12.42,12.68,12.37,12.68,166624,2083372.62,,,,render_normalized,tasi_2026-07-01_2026-07-25_20260724T224740032444Z,94d585e940d3932814e16b2c2d9d8088a8133afb375bbf783cc9a920dc9f56a4
8012,2026-07-13,12.68,12.79,12.51,12.65,189393,2394465.19,,,,render_normalized,tasi_2026-07-01_2026-07-25_20260724T224740032444Z,94d585e940d3932814e16b2c2d9d8088a8133afb375bbf783cc9a920dc9f56a4
8012,2026-07-14,12.51,12.54,12.28,12.29,145888,1807319.89,,,,render_normalized,tasi_2026-07-01_2026-07-25_20260724T224740032444Z,94d585e940d3932814e16b2c2d9d8088a8133afb375bbf783cc9a920dc9f56a4
8012,2026-07-15,12.01,12.33,12.01,12.28,111304,1354375.92,,,,render_normalized,tasi_2026-07-01_2026-07-25_20260724T224740032444Z,94d585e940d3932814e16b2c2d9d8088a8133afb375bbf783cc9a920dc9f56a4
8012,2026-07-16,12.17,12.2,12.02,12.1,99914,1208701.13,,,,render_normalized,tasi_2026-07-01_2026-07-25_20260724T224740032444Z,94d585e940d3932814e16b2c2d9d8088a8133afb375bbf783cc9a920dc9f56a4
8012,2026-07-19,12.04,12.1,11.8,11.98,117299,1398904.48,,,,render_normalized,tasi_2026-07-01_2026-07-25_20260724T224740032444Z,94d585e940d3932814e16b2c2d9d8088a8133afb375bbf783cc9a920dc9f56a4
8012,2026-07-20,11.89,12.09,11.87,12.09,97943,1167110.59,,,,render_normalized,tasi_2026-07-01_2026-07-25_20260724T224740032444Z,94d585e940d3932814e16b2c2d9d8088a8133afb375bbf783cc9a920dc9f56a4
8012,2026-07-21,11.95,12.08,11.87,12.08,49282,590768.0,,,,render_normalized,tasi_2026-07-01_2026-07-25_20260724T224740032444Z,94d585e940d3932814e16b2c2d9d8088a8133afb375bbf783cc9a920dc9f56a4
8012,2026-07-22,12.04,12.34,12.0,12.34,129698,1572386.0,,,,render_normalized,tasi_2026-07-01_2026-07-25_20260724T224740032444Z,94d585e940d3932814e16b2c2d9d8088a8133afb375bbf783cc9a920dc9f56a4
8012,2026-07-23,12.3,12.37,12.11,12.37,221466,2709032.38,,,,render_normalized,tasi_2026-07-01_2026-07-25_20260724T224740032444Z,94d585e940d3932814e16b2c2d9d8088a8133afb375bbf783cc9a920dc9f56a4
8012,2026-07-26,12.38,12.78,12.15,12.59,516703,6444343.43,,,,render_normalized,tasi_2026-07-26_2026-07-26_20260726T153020799318Z,1399c61e8f7fe46fad0af17b0f849573aed0c13690e21df7605aa5855d1d51ae
8012,2026-07-27,12.47,12.47,12.28,12.31,128339,1581629.02,,,,render_normalized,tasi_2026-07-27_2026-07-27_20260727T153021805810Z,08e1cc329a03547ec4c23f2c91c1939d7f3b9ff851b637111c58a1c412e7a980
8012,2026-07-28,12.31,12.4,12.13,12.21,49609,605005.1,,,,render_normalized,tasi_2026-07-28_2026-07-28_20260728T153021299306Z,81778e79668b6fab38ad71abd544b6abf663a6cbc4c72c97310bc6d5ec4e0335
8012,2026-07-29,12.18,12.18,11.74,12.0,131055,1559108.03,,,,render_normalized,tasi_2026-07-29_2026-07-29_20260729T153021317502Z,cfefe94f48b73159ae82df75463f4e3f4845d0dece465ad842aa061a0d350d8d
8012,2026-07-30,11.78,12.06,11.77,12.06,67938,807512.7,,,,render_normalized,tasi_2026-07-30_2026-07-30_20260730T153023201204Z,289b5b91df42eedaba58013d4e726e69d9b729d08635fcf0e5525b016c8d4704
8020,2026-07-01,10.3,10.3,10.0,10.28,484606,4928759.43,,,,render_normalized,tasi_2026-07-01_2026-07-25_20260724T224740032444Z,94d585e940d3932814e16b2c2d9d8088a8133afb375bbf783cc9a920dc9f56a4
8020,2026-07-02,10.14,10.45,10.14,10.39,388733,4031012.89,,,,render_normalized,tasi_2026-07-01_2026-07-25_20260724T224740032444Z,94d585e940d3932814e16b2c2d9d8088a8133afb375bbf783cc9a920dc9f56a4
8020,2026-07-05,10.39,10.64,10.3,10.55,421631,4426051.41,,,,render_normalized,tasi_2026-07-01_2026-07-25_20260724T224740032444Z,94d585e940d3932814e16b2c2d9d8088a8133afb375bbf783cc9a920dc9f56a4
8020,2026-07-06,10.56,10.56,10.2,10.3,276386,2858911.6,,,,render_normalized,tasi_2026-07-01_2026-07-25_20260724T224740032444Z,94d585e940d3932814e16b2c2d9d8088a8133afb375bbf783cc9a920dc9f56a4
8020,2026-07-07,10.6,10.6,10.2,10.3,288894,2987733.18,,,,render_normalized,tasi_2026-07-01_2026-07-25_20260724T224740032444Z,94d585e940d3932814e16b2c2d9d8088a8133afb375bbf783cc9a920dc9f56a4
8020,2026-07-08,10.3,10.55,10.2,10.34,323354,3360978.07,,,,render_normalized,tasi_2026-07-01_2026-07-25_20260724T224740032444Z,94d585e940d3932814e16b2c2d9d8088a8133afb375bbf783cc9a920dc9f56a4
8020,2026-07-09,10.32,10.52,10.22,10.37,112944,1173411.78,,,,render_normalized,tasi_2026-07-01_2026-07-25_20260724T224740032444Z,94d585e940d3932814e16b2c2d9d8088a8133afb375bbf783cc9a920dc9f56a4
8020,2026-07-12,10.37,10.6,10.29,10.52,130911,1374092.37,,,,render_normalized,tasi_2026-07-01_2026-07-25_20260724T224740032444Z,94d585e940d3932814e16b2c2d9d8088a8133afb375bbf783cc9a920dc9f56a4
8020,2026-07-13,10.53,10.72,10.45,10.51,194571,2060894.98,,,,render_normalized,tasi_2026-07-01_2026-07-25_20260724T224740032444Z,94d585e940d3932814e16b2c2d9d8088a8133afb375bbf783cc9a920dc9f56a4
8020,2026-07-14,10.5,10.55,10.37,10.5,136395,1426566.39,,,,render_normalized,tasi_2026-07-01_2026-07-25_20260724T224740032444Z,94d585e940d3932814e16b2c2d9d8088a8133afb375bbf783cc9a920dc9f56a4
8020,2026-07-15,10.41,11.2,10.41,10.7,1018135,11061968.89,,,,render_normalized,tasi_2026-07-01_2026-07-25_20260724T224740032444Z,94d585e940d3932814e16b2c2d9d8088a8133afb375bbf783cc9a920dc9f56a4
8020,2026-07-16,10.7,10.77,10.34,10.35,245264,2589895.47,,,,render_normalized,tasi_2026-07-01_2026-07-25_20260724T224740032444Z,94d585e940d3932814e16b2c2d9d8088a8133afb375bbf783cc9a920dc9f56a4
8020,2026-07-19,10.34,10.42,10.18,10.3,75893,780476.87,,,,render_normalized,tasi_2026-07-01_2026-07-25_20260724T224740032444Z,94d585e940d3932814e16b2c2d9d8088a8133afb375bbf783cc9a920dc9f56a4
8020,2026-07-20,10.22,10.41,10.22,10.32,114931,1184519.25,,,,render_normalized,tasi_2026-07-01_2026-07-25_20260724T224740032444Z,94d585e940d3932814e16b2c2d9d8088a8133afb375bbf783cc9a920dc9f56a4
8020,2026-07-21,10.35,10.41,10.2,10.31,127951,1316161.62,,,,render_normalized,tasi_2026-07-01_2026-07-25_20260724T224740032444Z,94d585e940d3932814e16b2c2d9d8088a8133afb375bbf783cc9a920dc9f56a4
8020,2026-07-22,10.25,10.4,10.25,10.26,125577,1297365.7,,,,render_normalized,tasi_2026-07-01_2026-07-25_20260724T224740032444Z,94d585e940d3932814e16b2c2d9d8088a8133afb375bbf783cc9a920dc9f56a4
8020,2026-07-23,10.26,10.3,10.2,10.21,110445,1129710.78,,,,render_normalized,tasi_2026-07-01_2026-07-25_20260724T224740032444Z,94d585e940d3932814e16b2c2d9d8088a8133afb375bbf783cc9a920dc9f56a4
8020,2026-07-26,10.2,10.28,10.1,10.14,79314,808651.33,,,,render_normalized,tasi_2026-07-26_2026-07-26_20260726T153020799318Z,1399c61e8f7fe46fad0af17b0f849573aed0c13690e21df7605aa5855d1d51ae
8020,2026-07-27,10.1,10.45,10.1,10.21,127397,1311058.44,,,,render_normalized,tasi_2026-07-27_2026-07-27_20260727T153021805810Z,08e1cc329a03547ec4c23f2c91c1939d7f3b9ff851b637111c58a1c412e7a980
8020,2026-07-28,10.12,10.27,10.0,10.0,98770,998030.31,,,,render_normalized,tasi_2026-07-28_2026-07-28_20260728T153021299306Z,81778e79668b6fab38ad71abd544b6abf663a6cbc4c72c97310bc6d5ec4e0335
8020,2026-07-29,10.0,10.03,9.74,9.74,96351,951618.41,,,,render_normalized,tasi_2026-07-29_2026-07-29_20260729T153021317502Z,cfefe94f48b73159ae82df75463f4e3f4845d0dece465ad842aa061a0d350d8d
8020,2026-07-30,9.74,9.98,9.74,9.9,75112,742067.13,,,,render_normalized,tasi_2026-07-30_2026-07-30_20260730T153023201204Z,289b5b91df42eedaba58013d4e726e69d9b729d08635fcf0e5525b016c8d4704
8030,2026-07-01,16.3,16.57,16.28,16.42,731839,12029034.56,,,,render_normalized,tasi_2026-07-01_2026-07-25_20260724T224740032444Z,94d585e940d3932814e16b2c2d9d8088a8133afb375bbf783cc9a920dc9f56a4
8030,2026-07-02,16.44,16.8,16.35,16.49,1386289,22988549.56,,,,render_normalized,tasi_2026-07-01_2026-07-25_20260724T224740032444Z,94d585e940d3932814e16b2c2d9d8088a8133afb375bbf783cc9a920dc9f56a4
8030,2026-07-05,16.49,16.6,16.19,16.2,488358,7990273.93,,,,render_normalized,tasi_2026-07-01_2026-07-25_20260724T224740032444Z,94d585e940d3932814e16b2c2d9d8088a8133afb375bbf783cc9a920dc9f56a4
8030,2026-07-06,16.16,16.27,15.86,16.06,788622,12658753.24,,,,render_normalized,tasi_2026-07-01_2026-07-25_20260724T224740032444Z,94d585e940d3932814e16b2c2d9d8088a8133afb375bbf783cc9a920dc9f56a4
8030,2026-07-07,15.97,16.21,15.94,16.04,425341,6845631.85,,,,render_normalized,tasi_2026-07-01_2026-07-25_20260724T224740032444Z,94d585e940d3932814e16b2c2d9d8088a8133afb375bbf783cc9a920dc9f56a4
8030,2026-07-08,16.0,16.03,15.44,15.63,689774,10846938.59,,,,render_normalized,tasi_2026-07-01_2026-07-25_20260724T224740032444Z,94d585e940d3932814e16b2c2d9d8088a8133afb375bbf783cc9a920dc9f56a4
8030,2026-07-09,15.5,15.98,15.5,15.63,722166,11375379.67,,,,render_normalized,tasi_2026-07-01_2026-07-25_20260724T224740032444Z,94d585e940d3932814e16b2c2d9d8088a8133afb375bbf783cc9a920dc9f56a4
8030,2026-07-12,16.1,16.42,15.75,15.9,1868528,29977909.03,,,,render_normalized,tasi_2026-07-01_2026-07-25_20260724T224740032444Z,94d585e940d3932814e16b2c2d9d8088a8133afb375bbf783cc9a920dc9f56a4
8030,2026-07-13,15.94,16.15,15.8,15.88,806953,12858095.86,,,,render_normalized,tasi_2026-07-01_2026-07-25_20260724T224740032444Z,94d585e940d3932814e16b2c2d9d8088a8133afb375bbf783cc9a920dc9f56a4
8030,2026-07-14,15.8,15.97,15.67,15.7,770695,12147100.11,,,,render_normalized,tasi_2026-07-01_2026-07-25_20260724T224740032444Z,94d585e940d3932814e16b2c2d9d8088a8133afb375bbf783cc9a920dc9f56a4
8030,2026-07-15,15.92,16.0,15.66,15.66,561826,8880145.03,,,,render_normalized,tasi_2026-07-01_2026-07-25_20260724T224740032444Z,94d585e940d3932814e16b2c2d9d8088a8133afb375bbf783cc9a920dc9f56a4
8030,2026-07-16,15.78,15.78,15.3,15.35,671891,10401986.11,,,,render_normalized,tasi_2026-07-01_2026-07-25_20260724T224740032444Z,94d585e940d3932814e16b2c2d9d8088a8133afb375bbf783cc9a920dc9f56a4
8030,2026-07-19,15.35,15.35,15.08,15.2,409268,6218472.84,,,,render_normalized,tasi_2026-07-01_2026-07-25_20260724T224740032444Z,94d585e940d3932814e16b2c2d9d8088a8133afb375bbf783cc9a920dc9f56a4
8030,2026-07-20,15.2,15.32,15.08,15.24,322984,4903958.27,,,,render_normalized,tasi_2026-07-01_2026-07-25_20260724T224740032444Z,94d585e940d3932814e16b2c2d9d8088a8133afb375bbf783cc9a920dc9f56a4
8030,2026-07-21,15.14,15.44,15.12,15.17,380409,5789320.45,,,,render_normalized,tasi_2026-07-01_2026-07-25_20260724T224740032444Z,94d585e940d3932814e16b2c2d9d8088a8133afb375bbf783cc9a920dc9f56a4
8030,2026-07-22,15.17,15.74,15.12,15.56,752371,11610394.15,,,,render_normalized,tasi_2026-07-01_2026-07-25_20260724T224740032444Z,94d585e940d3932814e16b2c2d9d8088a8133afb375bbf783cc9a920dc9f56a4
8030,2026-07-23,15.56,15.72,15.4,15.56,303669,4725410.86,,,,render_normalized,tasi_2026-07-01_2026-07-25_20260724T224740032444Z,94d585e940d3932814e16b2c2d9d8088a8133afb375bbf783cc9a920dc9f56a4
8030,2026-07-26,15.6,16.2,15.57,15.62,627798,9962387.77,,,,render_normalized,tasi_2026-07-26_2026-07-26_20260726T153020799318Z,1399c61e8f7fe46fad0af17b0f849573aed0c13690e21df7605aa5855d1d51ae
8030,2026-07-27,15.62,15.72,15.35,15.38,554813,8586229.52,,,,render_normalized,tasi_2026-07-27_2026-07-27_20260727T153021805810Z,08e1cc329a03547ec4c23f2c91c1939d7f3b9ff851b637111c58a1c412e7a980
8030,2026-07-28,15.32,15.36,14.94,14.94,701358,10582579.21,,,,render_normalized,tasi_2026-07-28_2026-07-28_20260728T153021299306Z,81778e79668b6fab38ad71abd544b6abf663a6cbc4c72c97310bc6d5ec4e0335
8030,2026-07-29,15.14,15.23,14.77,14.79,745269,11129672.22,,,,render_normalized,tasi_2026-07-29_2026-07-29_20260729T153021317502Z,cfefe94f48b73159ae82df75463f4e3f4845d0dece465ad842aa061a0d350d8d
8030,2026-07-30,14.78,14.83,14.39,14.53,544288,7920352.32,,,,render_normalized,tasi_2026-07-30_2026-07-30_20260730T153023201204Z,289b5b91df42eedaba58013d4e726e69d9b729d08635fcf0e5525b016c8d4704
8040,2026-07-01,12.54,13.23,12.1,12.84,2438277,31453860.26,,,,render_normalized,tasi_2026-07-01_2026-07-25_20260724T224740032444Z,94d585e940d3932814e16b2c2d9d8088a8133afb375bbf783cc9a920dc9f56a4
8040,2026-07-02,13.0,13.69,12.6,12.9,1116521,14666875.43,,,,render_normalized,tasi_2026-07-01_2026-07-25_20260724T224740032444Z,94d585e940d3932814e16b2c2d9d8088a8133afb375bbf783cc9a920dc9f56a4
8040,2026-07-05,12.8,13.31,12.35,12.62,391742,4995471.62,,,,render_normalized,tasi_2026-07-01_2026-07-25_20260724T224740032444Z,94d585e940d3932814e16b2c2d9d8088a8133afb375bbf783cc9a920dc9f56a4
8040,2026-07-06,12.43,13.45,12.41,13.28,1237373,16307677.2,,,,render_normalized,tasi_2026-07-01_2026-07-25_20260724T224740032444Z,94d585e940d3932814e16b2c2d9d8088a8133afb375bbf783cc9a920dc9f56a4
8040,2026-07-07,13.28,13.86,13.01,13.46,663287,8901759.08,,,,render_normalized,tasi_2026-07-01_2026-07-25_20260724T224740032444Z,94d585e940d3932814e16b2c2d9d8088a8133afb375bbf783cc9a920dc9f56a4
8040,2026-07-08,13.5,13.56,12.41,12.8,655370,8489704.68,,,,render_normalized,tasi_2026-07-01_2026-07-25_20260724T224740032444Z,94d585e940d3932814e16b2c2d9d8088a8133afb375bbf783cc9a920dc9f56a4
8040,2026-07-09,12.96,13.79,12.73,13.1,1023107,13578361.37,,,,render_normalized,tasi_2026-07-01_2026-07-25_20260724T224740032444Z,94d585e940d3932814e16b2c2d9d8088a8133afb375bbf783cc9a920dc9f56a4
8040,2026-07-12,13.27,13.71,12.87,13.39,672251,8967118.96,,,,render_normalized,tasi_2026-07-01_2026-07-25_20260724T224740032444Z,94d585e940d3932814e16b2c2d9d8088a8133afb375bbf783cc9a920dc9f56a4
8040,2026-07-13,13.64,13.64,13.05,13.16,436830,5807410.44,,,,render_normalized,tasi_2026-07-01_2026-07-25_20260724T224740032444Z,94d585e940d3932814e16b2c2d9d8088a8133afb375bbf783cc9a920dc9f56a4
8040,2026-07-14,13.16,13.7,12.92,13.38,800069,10688804.52,,,,render_normalized,tasi_2026-07-01_2026-07-25_20260724T224740032444Z,94d585e940d3932814e16b2c2d9d8088a8133afb375bbf783cc9a920dc9f56a4
8040,2026-07-15,13.37,13.37,12.81,13.28,498110,6540341.02,,,,render_normalized,tasi_2026-07-01_2026-07-25_20260724T224740032444Z,94d585e940d3932814e16b2c2d9d8088a8133afb375bbf783cc9a920dc9f56a4
8040,2026-07-16,13.33,14.44,13.0,13.92,1393581,19085609.09,,,,render_normalized,tasi_2026-07-01_2026-07-25_20260724T224740032444Z,94d585e940d3932814e16b2c2d9d8088a8133afb375bbf783cc9a920dc9f56a4
8040,2026-07-19,13.9,14.4,13.51,13.91,1006808,14025873.59,,,,render_normalized,tasi_2026-07-01_2026-07-25_20260724T224740032444Z,94d585e940d3932814e16b2c2d9d8088a8133afb375bbf783cc9a920dc9f56a4
8040,2026-07-20,13.78,14.0,13.33,13.4,392382,5372550.89,,,,render_normalized,tasi_2026-07-01_2026-07-25_20260724T224740032444Z,94d585e940d3932814e16b2c2d9d8088a8133afb375bbf783cc9a920dc9f56a4
8040,2026-07-21,13.4,13.89,12.68,13.5,965807,12704082.36,,,,render_normalized,tasi_2026-07-01_2026-07-25_20260724T224740032444Z,94d585e940d3932814e16b2c2d9d8088a8133afb375bbf783cc9a920dc9f56a4
8040,2026-07-22,13.86,13.86,12.96,13.01,1072119,14175079.81,,,,render_normalized,tasi_2026-07-01_2026-07-25_20260724T224740032444Z,94d585e940d3932814e16b2c2d9d8088a8133afb375bbf783cc9a920dc9f56a4
8040,2026-07-23,12.91,13.72,12.73,13.07,1007969,13317339.25,,,,render_normalized,tasi_2026-07-01_2026-07-25_20260724T224740032444Z,94d585e940d3932814e16b2c2d9d8088a8133afb375bbf783cc9a920dc9f56a4
8040,2026-07-26,13.0,13.67,13.0,13.11,785193,10479542.53,,,,render_normalized,tasi_2026-07-26_2026-07-26_20260726T153020799318Z,1399c61e8f7fe46fad0af17b0f849573aed0c13690e21df7605aa5855d1d51ae
8040,2026-07-27,13.38,13.38,12.95,13.17,409471,5367152.48,,,,render_normalized,tasi_2026-07-27_2026-07-27_20260727T153021805810Z,08e1cc329a03547ec4c23f2c91c1939d7f3b9ff851b637111c58a1c412e7a980
8040,2026-07-28,13.1,13.25,12.96,13.01,139034,1814516.53,,,,render_normalized,tasi_2026-07-28_2026-07-28_20260728T153021299306Z,81778e79668b6fab38ad71abd544b6abf663a6cbc4c72c97310bc6d5ec4e0335
8040,2026-07-29,12.96,12.99,12.55,12.79,180811,2307911.16,,,,render_normalized,tasi_2026-07-29_2026-07-29_20260729T153021317502Z,cfefe94f48b73159ae82df75463f4e3f4845d0dece465ad842aa061a0d350d8d
8040,2026-07-30,12.81,12.81,12.31,12.31,114244,1434619.0,,,,render_normalized,tasi_2026-07-30_2026-07-30_20260730T153023201204Z,289b5b91df42eedaba58013d4e726e69d9b729d08635fcf0e5525b016c8d4704
8050,2026-07-01,10.19,10.31,9.9,10.0,599964,6027342.66,,,,render_normalized,tasi_2026-07-01_2026-07-25_20260724T224740032444Z,94d585e940d3932814e16b2c2d9d8088a8133afb375bbf783cc9a920dc9f56a4
8050,2026-07-02,10.0,10.17,9.8,9.87,636373,6359799.85,,,,render_normalized,tasi_2026-07-01_2026-07-25_20260724T224740032444Z,94d585e940d3932814e16b2c2d9d8088a8133afb375bbf783cc9a920dc9f56a4
8050,2026-07-05,9.82,10.29,9.82,9.99,419643,4230829.48,,,,render_normalized,tasi_2026-07-01_2026-07-25_20260724T224740032444Z,94d585e940d3932814e16b2c2d9d8088a8133afb375bbf783cc9a920dc9f56a4
8050,2026-07-06,9.9,10.18,9.69,9.71,242377,2394598.13,,,,render_normalized,tasi_2026-07-01_2026-07-25_20260724T224740032444Z,94d585e940d3932814e16b2c2d9d8088a8133afb375bbf783cc9a920dc9f56a4
8050,2026-07-07,9.8,9.88,9.42,9.44,392491,3785613.96,,,,render_normalized,tasi_2026-07-01_2026-07-25_20260724T224740032444Z,94d585e940d3932814e16b2c2d9d8088a8133afb375bbf783cc9a920dc9f56a4
8050,2026-07-08,9.31,9.55,9.15,9.28,311081,2886161.35,,,,render_normalized,tasi_2026-07-01_2026-07-25_20260724T224740032444Z,94d585e940d3932814e16b2c2d9d8088a8133afb375bbf783cc9a920dc9f56a4
8050,2026-07-09,9.2,9.49,9.2,9.25,139650,1300204.3,,,,render_normalized,tasi_2026-07-01_2026-07-25_20260724T224740032444Z,94d585e940d3932814e16b2c2d9d8088a8133afb375bbf783cc9a920dc9f56a4
8050,2026-07-12,9.25,9.55,9.25,9.3,154201,1443721.66,,,,render_normalized,tasi_2026-07-01_2026-07-25_20260724T224740032444Z,94d585e940d3932814e16b2c2d9d8088a8133afb375bbf783cc9a920dc9f56a4
8050,2026-07-13,9.31,9.5,9.21,9.24,113665,1058223.75,,,,render_normalized,tasi_2026-07-01_2026-07-25_20260724T224740032444Z,94d585e940d3932814e16b2c2d9d8088a8133afb375bbf783cc9a920dc9f56a4
8050,2026-07-14,9.26,9.33,9.15,9.22,125403,1156721.24,,,,render_normalized,tasi_2026-07-01_2026-07-25_20260724T224740032444Z,94d585e940d3932814e16b2c2d9d8088a8133afb375bbf783cc9a920dc9f56a4
8050,2026-07-15,9.22,9.26,9.01,9.07,138151,1261625.08,,,,render_normalized,tasi_2026-07-01_2026-07-25_20260724T224740032444Z,94d585e940d3932814e16b2c2d9d8088a8133afb375bbf783cc9a920dc9f56a4
8050,2026-07-16,9.04,9.04,8.6,8.95,205557,1815047.17,,,,render_normalized,tasi_2026-07-01_2026-07-25_20260724T224740032444Z,94d585e940d3932814e16b2c2d9d8088a8133afb375bbf783cc9a920dc9f56a4
8050,2026-07-19,8.96,9.0,8.68,8.88,168773,1484601.09,,,,render_normalized,tasi_2026-07-01_2026-07-25_20260724T224740032444Z,94d585e940d3932814e16b2c2d9d8088a8133afb375bbf783cc9a920dc9f56a4
8050,2026-07-20,8.88,8.89,8.72,8.74,59101,520116.38,,,,render_normalized,tasi_2026-07-01_2026-07-25_20260724T224740032444Z,94d585e940d3932814e16b2c2d9d8088a8133afb375bbf783cc9a920dc9f56a4
8050,2026-07-21,8.73,8.78,8.6,8.62,123995,1077212.53,,,,render_normalized,tasi_2026-07-01_2026-07-25_20260724T224740032444Z,94d585e940d3932814e16b2c2d9d8088a8133afb375bbf783cc9a920dc9f56a4
8050,2026-07-22,8.53,9.04,8.53,8.74,364631,3219377.1,,,,render_normalized,tasi_2026-07-01_2026-07-25_20260724T224740032444Z,94d585e940d3932814e16b2c2d9d8088a8133afb375bbf783cc9a920dc9f56a4
8050,2026-07-23,8.7,8.81,8.69,8.78,109528,954956.98,,,,render_normalized,tasi_2026-07-01_2026-07-25_20260724T224740032444Z,94d585e940d3932814e16b2c2d9d8088a8133afb375bbf783cc9a920dc9f56a4
8050,2026-07-26,8.67,9.2,8.67,8.99,368768,3308165.5,,,,render_normalized,tasi_2026-07-26_2026-07-26_20260726T153020799318Z,1399c61e8f7fe46fad0af17b0f849573aed0c13690e21df7605aa5855d1d51ae
8050,2026-07-27,8.99,9.0,8.83,8.97,135884,1209720.51,,,,render_normalized,tasi_2026-07-27_2026-07-27_20260727T153021805810Z,08e1cc329a03547ec4c23f2c91c1939d7f3b9ff851b637111c58a1c412e7a980
8050,2026-07-28,8.97,8.97,8.68,8.74,122049,1068847.63,,,,render_normalized,tasi_2026-07-28_2026-07-28_20260728T153021299306Z,81778e79668b6fab38ad71abd544b6abf663a6cbc4c72c97310bc6d5ec4e0335
8050,2026-07-29,8.74,8.81,8.49,8.81,123991,1068797.78,,,,render_normalized,tasi_2026-07-29_2026-07-29_20260729T153021317502Z,cfefe94f48b73159ae82df75463f4e3f4845d0dece465ad842aa061a0d350d8d
8050,2026-07-30,8.8,8.83,8.63,8.77,96712,843230.5,,,,render_normalized,tasi_2026-07-30_2026-07-30_20260730T153023201204Z,289b5b91df42eedaba58013d4e726e69d9b729d08635fcf0e5525b016c8d4704
8060,2026-07-01,10.53,10.54,10.27,10.49,604383,6282747.06,,,,render_normalized,tasi_2026-07-01_2026-07-25_20260724T224740032444Z,94d585e940d3932814e16b2c2d9d8088a8133afb375bbf783cc9a920dc9f56a4
8060,2026-07-02,10.5,10.64,10.43,10.55,552226,5825391.13,,,,render_normalized,tasi_2026-07-01_2026-07-25_20260724T224740032444Z,94d585e940d3932814e16b2c2d9d8088a8133afb375bbf783cc9a920dc9f56a4
8060,2026-07-05,10.55,10.67,10.4,10.51,428273,4516920.18,,,,render_normalized,tasi_2026-07-01_2026-07-25_20260724T224740032444Z,94d585e940d3932814e16b2c2d9d8088a8133afb375bbf783cc9a920dc9f56a4
8060,2026-07-06,10.5,10.51,10.19,10.21,348613,3600090.51,,,,render_normalized,tasi_2026-07-01_2026-07-25_20260724T224740032444Z,94d585e940d3932814e16b2c2d9d8088a8133afb375bbf783cc9a920dc9f56a4
8060,2026-07-07,10.21,10.33,10.1,10.13,324101,3317903.64,,,,render_normalized,tasi_2026-07-01_2026-07-25_20260724T224740032444Z,94d585e940d3932814e16b2c2d9d8088a8133afb375bbf783cc9a920dc9f56a4
8060,2026-07-08,10.11,10.16,9.84,9.97,785420,7810565.5,,,,render_normalized,tasi_2026-07-01_2026-07-25_20260724T224740032444Z,94d585e940d3932814e16b2c2d9d8088a8133afb375bbf783cc9a920dc9f56a4
8060,2026-07-09,9.95,10.11,9.84,10.11,214177,2137692.63,,,,render_normalized,tasi_2026-07-01_2026-07-25_20260724T224740032444Z,94d585e940d3932814e16b2c2d9d8088a8133afb375bbf783cc9a920dc9f56a4
8060,2026-07-12,9.98,10.3,9.98,10.29,175627,1782116.59,,,,render_normalized,tasi_2026-07-01_2026-07-25_20260724T224740032444Z,94d585e940d3932814e16b2c2d9d8088a8133afb375bbf783cc9a920dc9f56a4
8060,2026-07-13,10.13,10.5,10.13,10.36,322447,3334674.6,,,,render_normalized,tasi_2026-07-01_2026-07-25_20260724T224740032444Z,94d585e940d3932814e16b2c2d9d8088a8133afb375bbf783cc9a920dc9f56a4
8060,2026-07-14,10.49,10.56,10.31,10.31,874447,9128249.0,,,,render_normalized,tasi_2026-07-01_2026-07-25_20260724T224740032444Z,94d585e940d3932814e16b2c2d9d8088a8133afb375bbf783cc9a920dc9f56a4
8060,2026-07-15,10.38,10.6,10.3,10.36,552076,5764409.19,,,,render_normalized,tasi_2026-07-01_2026-07-25_20260724T224740032444Z,94d585e940d3932814e16b2c2d9d8088a8133afb375bbf783cc9a920dc9f56a4
8060,2026-07-16,10.36,10.36,10.07,10.34,413579,4207269.43,,,,render_normalized,tasi_2026-07-01_2026-07-25_20260724T224740032444Z,94d585e940d3932814e16b2c2d9d8088a8133afb375bbf783cc9a920dc9f56a4
8060,2026-07-19,10.21,10.29,10.1,10.2,358389,3648948.96,,,,render_normalized,tasi_2026-07-01_2026-07-25_20260724T224740032444Z,94d585e940d3932814e16b2c2d9d8088a8133afb375bbf783cc9a920dc9f56a4
8060,2026-07-20,10.11,10.16,9.91,9.94,519014,5190103.71,,,,render_normalized,tasi_2026-07-01_2026-07-25_20260724T224740032444Z,94d585e940d3932814e16b2c2d9d8088a8133afb375bbf783cc9a920dc9f56a4
8060,2026-07-21,9.94,10.02,9.9,9.93,271647,2705101.16,,,,render_normalized,tasi_2026-07-01_2026-07-25_20260724T224740032444Z,94d585e940d3932814e16b2c2d9d8088a8133afb375bbf783cc9a920dc9f56a4
8060,2026-07-22,9.95,10.09,9.91,10.09,369605,3696734.97,,,,render_normalized,tasi_2026-07-01_2026-07-25_20260724T224740032444Z,94d585e940d3932814e16b2c2d9d8088a8133afb375bbf783cc9a920dc9f56a4
8060,2026-07-23,10.01,10.01,9.9,9.92,278537,2773703.67,,,,render_normalized,tasi_2026-07-01_2026-07-25_20260724T224740032444Z,94d585e940d3932814e16b2c2d9d8088a8133afb375bbf783cc9a920dc9f56a4
8060,2026-07-26,9.95,10.02,9.8,9.81,326407,3230521.4,,,,render_normalized,tasi_2026-07-26_2026-07-26_20260726T153020799318Z,1399c61e8f7fe46fad0af17b0f849573aed0c13690e21df7605aa5855d1d51ae
8060,2026-07-27,9.85,9.86,9.5,9.5,711400,6848894.98,,,,render_normalized,tasi_2026-07-27_2026-07-27_20260727T153021805810Z,08e1cc329a03547ec4c23f2c91c1939d7f3b9ff851b637111c58a1c412e7a980
8060,2026-07-28,9.52,9.55,9.24,9.28,579369,5427126.32,,,,render_normalized,tasi_2026-07-28_2026-07-28_20260728T153021299306Z,81778e79668b6fab38ad71abd544b6abf663a6cbc4c72c97310bc6d5ec4e0335
8060,2026-07-29,9.73,9.89,9.34,9.38,2547522,24496332.15,,,,render_normalized,tasi_2026-07-29_2026-07-29_20260729T153021317502Z,cfefe94f48b73159ae82df75463f4e3f4845d0dece465ad842aa061a0d350d8d
8060,2026-07-30,9.39,9.54,9.18,9.49,803569,7513144.26,,,,render_normalized,tasi_2026-07-30_2026-07-30_20260730T153023201204Z,289b5b91df42eedaba58013d4e726e69d9b729d08635fcf0e5525b016c8d4704
8070,2026-07-01,12.0,12.1,11.91,12.1,194365,2341393.0,,,,render_normalized,tasi_2026-07-01_2026-07-25_20260724T224740032444Z,94d585e940d3932814e16b2c2d9d8088a8133afb375bbf783cc9a920dc9f56a4
8070,2026-07-02,12.1,12.36,12.04,12.35,805723,9881913.45,,,,render_normalized,tasi_2026-07-01_2026-07-25_20260724T224740032444Z,94d585e940d3932814e16b2c2d9d8088a8133afb375bbf783cc9a920dc9f56a4
8070,2026-07-05,12.37,12.58,12.2,12.32,298411,3703050.92,,,,render_normalized,tasi_2026-07-01_2026-07-25_20260724T224740032444Z,94d585e940d3932814e16b2c2d9d8088a8133afb375bbf783cc9a920dc9f56a4
8070,2026-07-06,12.29,12.34,12.1,12.17,178712,2182791.44,,,,render_normalized,tasi_2026-07-01_2026-07-25_20260724T224740032444Z,94d585e940d3932814e16b2c2d9d8088a8133afb375bbf783cc9a920dc9f56a4
8070,2026-07-07,12.16,12.25,12.12,12.14,68858,838570.29,,,,render_normalized,tasi_2026-07-01_2026-07-25_20260724T224740032444Z,94d585e940d3932814e16b2c2d9d8088a8133afb375bbf783cc9a920dc9f56a4
8070,2026-07-08,12.11,12.11,11.81,11.85,199632,2386106.63,,,,render_normalized,tasi_2026-07-01_2026-07-25_20260724T224740032444Z,94d585e940d3932814e16b2c2d9d8088a8133afb375bbf783cc9a920dc9f56a4
8070,2026-07-09,11.85,12.09,11.74,11.96,166368,1988375.93,,,,render_normalized,tasi_2026-07-01_2026-07-25_20260724T224740032444Z,94d585e940d3932814e16b2c2d9d8088a8133afb375bbf783cc9a920dc9f56a4
8070,2026-07-12,11.98,12.22,11.82,12.15,330917,3999321.34,,,,render_normalized,tasi_2026-07-01_2026-07-25_20260724T224740032444Z,94d585e940d3932814e16b2c2d9d8088a8133afb375bbf783cc9a920dc9f56a4
8070,2026-07-13,12.25,12.46,12.1,12.11,365614,4484399.48,,,,render_normalized,tasi_2026-07-01_2026-07-25_20260724T224740032444Z,94d585e940d3932814e16b2c2d9d8088a8133afb375bbf783cc9a920dc9f56a4
8070,2026-07-14,12.24,12.28,12.08,12.18,173327,2113564.49,,,,render_normalized,tasi_2026-07-01_2026-07-25_20260724T224740032444Z,94d585e940d3932814e16b2c2d9d8088a8133afb375bbf783cc9a920dc9f56a4
8070,2026-07-15,12.24,12.36,12.02,12.11,204076,2484336.15,,,,render_normalized,tasi_2026-07-01_2026-07-25_20260724T224740032444Z,94d585e940d3932814e16b2c2d9d8088a8133afb375bbf783cc9a920dc9f56a4
8070,2026-07-16,12.05,12.18,12.05,12.17,87214,1054836.29,,,,render_normalized,tasi_2026-07-01_2026-07-25_20260724T224740032444Z,94d585e940d3932814e16b2c2d9d8088a8133afb375bbf783cc9a920dc9f56a4
8070,2026-07-19,12.2,12.2,11.97,11.97,58924,708633.58,,,,render_normalized,tasi_2026-07-01_2026-07-25_20260724T224740032444Z,94d585e940d3932814e16b2c2d9d8088a8133afb375bbf783cc9a920dc9f56a4
8070,2026-07-20,11.97,12.09,11.84,11.92,69111,821455.66,,,,render_normalized,tasi_2026-07-01_2026-07-25_20260724T224740032444Z,94d585e940d3932814e16b2c2d9d8088a8133afb375bbf783cc9a920dc9f56a4
8070,2026-07-21,11.95,11.95,11.76,11.82,74755,885744.81,,,,render_normalized,tasi_2026-07-01_2026-07-25_20260724T224740032444Z,94d585e940d3932814e16b2c2d9d8088a8133afb375bbf783cc9a920dc9f56a4
8070,2026-07-22,11.89,12.03,11.81,11.96,62272,742866.29,,,,render_normalized,tasi_2026-07-01_2026-07-25_20260724T224740032444Z,94d585e940d3932814e16b2c2d9d8088a8133afb375bbf783cc9a920dc9f56a4
8070,2026-07-23,11.96,12.0,11.83,12.0,55452,660995.6,,,,render_normalized,tasi_2026-07-01_2026-07-25_20260724T224740032444Z,94d585e940d3932814e16b2c2d9d8088a8133afb375bbf783cc9a920dc9f56a4
8070,2026-07-26,11.84,12.01,11.84,11.88,67397,801885.32,,,,render_normalized,tasi_2026-07-26_2026-07-26_20260726T153020799318Z,1399c61e8f7fe46fad0af17b0f849573aed0c13690e21df7605aa5855d1d51ae
8070,2026-07-27,11.98,11.98,11.62,11.62,53810,634041.62,,,,render_normalized,tasi_2026-07-27_2026-07-27_20260727T153021805810Z,08e1cc329a03547ec4c23f2c91c1939d7f3b9ff851b637111c58a1c412e7a980
8070,2026-07-28,11.52,11.62,11.3,11.3,71669,819002.44,,,,render_normalized,tasi_2026-07-28_2026-07-28_20260728T153021299306Z,81778e79668b6fab38ad71abd544b6abf663a6cbc4c72c97310bc6d5ec4e0335
8070,2026-07-29,11.3,11.31,11.05,11.12,41795,466553.11,,,,render_normalized,tasi_2026-07-29_2026-07-29_20260729T153021317502Z,cfefe94f48b73159ae82df75463f4e3f4845d0dece465ad842aa061a0d350d8d
8070,2026-07-30,11.0,11.2,10.99,11.05,69817,772843.22,,,,render_normalized,tasi_2026-07-30_2026-07-30_20260730T153023201204Z,289b5b91df42eedaba58013d4e726e69d9b729d08635fcf0e5525b016c8d4704
8100,2026-07-01,10.6,11.28,10.6,10.7,1395701,15238272.76,,,,render_normalized,tasi_2026-07-01_2026-07-25_20260724T224740032444Z,94d585e940d3932814e16b2c2d9d8088a8133afb375bbf783cc9a920dc9f56a4
8100,2026-07-02,10.88,11.15,10.71,11.0,777191,8462826.99,,,,render_normalized,tasi_2026-07-01_2026-07-25_20260724T224740032444Z,94d585e940d3932814e16b2c2d9d8088a8133afb375bbf783cc9a920dc9f56a4
8100,2026-07-05,11.02,11.29,10.9,10.9,499939,5540911.65,,,,render_normalized,tasi_2026-07-01_2026-07-25_20260724T224740032444Z,94d585e940d3932814e16b2c2d9d8088a8133afb375bbf783cc9a920dc9f56a4
8100,2026-07-06,10.85,11.0,10.73,10.77,321579,3482685.72,,,,render_normalized,tasi_2026-07-01_2026-07-25_20260724T224740032444Z,94d585e940d3932814e16b2c2d9d8088a8133afb375bbf783cc9a920dc9f56a4
8100,2026-07-07,10.72,11.0,10.72,10.78,185590,2006845.62,,,,render_normalized,tasi_2026-07-01_2026-07-25_20260724T224740032444Z,94d585e940d3932814e16b2c2d9d8088a8133afb375bbf783cc9a920dc9f56a4
8100,2026-07-08,10.7,10.8,10.31,10.35,328997,3450521.52,,,,render_normalized,tasi_2026-07-01_2026-07-25_20260724T224740032444Z,94d585e940d3932814e16b2c2d9d8088a8133afb375bbf783cc9a920dc9f56a4
8100,2026-07-09,10.34,10.55,10.0,10.39,152601,1573301.84,,,,render_normalized,tasi_2026-07-01_2026-07-25_20260724T224740032444Z,94d585e940d3932814e16b2c2d9d8088a8133afb375bbf783cc9a920dc9f56a4
8100,2026-07-12,10.3,10.68,10.3,10.62,234544,2464103.99,,,,render_normalized,tasi_2026-07-01_2026-07-25_20260724T224740032444Z,94d585e940d3932814e16b2c2d9d8088a8133afb375bbf783cc9a920dc9f56a4
8100,2026-07-13,10.81,10.96,10.55,10.87,433444,4681976.11,,,,render_normalized,tasi_2026-07-01_2026-07-25_20260724T224740032444Z,94d585e940d3932814e16b2c2d9d8088a8133afb375bbf783cc9a920dc9f56a4
8100,2026-07-14,10.86,11.0,10.74,10.9,442530,4803531.85,,,,render_normalized,tasi_2026-07-01_2026-07-25_20260724T224740032444Z,94d585e940d3932814e16b2c2d9d8088a8133afb375bbf783cc9a920dc9f56a4
8100,2026-07-15,10.93,10.98,10.64,10.7,197323,2136112.8,,,,render_normalized,tasi_2026-07-01_2026-07-25_20260724T224740032444Z,94d585e940d3932814e16b2c2d9d8088a8133afb375bbf783cc9a920dc9f56a4
8100,2026-07-16,10.76,10.76,10.41,10.52,180246,1895484.21,,,,render_normalized,tasi_2026-07-01_2026-07-25_20260724T224740032444Z,94d585e940d3932814e16b2c2d9d8088a8133afb375bbf783cc9a920dc9f56a4
8100,2026-07-19,10.4,10.47,10.32,10.42,94965,987233.16,,,,render_normalized,tasi_2026-07-01_2026-07-25_20260724T224740032444Z,94d585e940d3932814e16b2c2d9d8088a8133afb375bbf783cc9a920dc9f56a4
8100,2026-07-20,10.41,10.52,10.3,10.44,73979,768063.24,,,,render_normalized,tasi_2026-07-01_2026-07-25_20260724T224740032444Z,94d585e940d3932814e16b2c2d9d8088a8133afb375bbf783cc9a920dc9f56a4
8100,2026-07-21,10.4,10.72,10.33,10.52,231505,2428947.63,,,,render_normalized,tasi_2026-07-01_2026-07-25_20260724T224740032444Z,94d585e940d3932814e16b2c2d9d8088a8133afb375bbf783cc9a920dc9f56a4
8100,2026-07-22,10.51,10.79,10.46,10.61,156740,1666887.33,,,,render_normalized,tasi_2026-07-01_2026-07-25_20260724T224740032444Z,94d585e940d3932814e16b2c2d9d8088a8133afb375bbf783cc9a920dc9f56a4
8100,2026-07-23,10.75,10.76,10.52,10.61,82955,879742.01,,,,render_normalized,tasi_2026-07-01_2026-07-25_20260724T224740032444Z,94d585e940d3932814e16b2c2d9d8088a8133afb375bbf783cc9a920dc9f56a4
8100,2026-07-26,10.61,10.8,10.55,10.7,69046,736643.32,,,,render_normalized,tasi_2026-07-26_2026-07-26_20260726T153020799318Z,1399c61e8f7fe46fad0af17b0f849573aed0c13690e21df7605aa5855d1d51ae
8100,2026-07-27,10.74,10.93,10.65,10.78,223374,2412055.4,,,,render_normalized,tasi_2026-07-27_2026-07-27_20260727T153021805810Z,08e1cc329a03547ec4c23f2c91c1939d7f3b9ff851b637111c58a1c412e7a980
8100,2026-07-28,10.78,10.78,10.24,10.24,281905,2943904.03,,,,render_normalized,tasi_2026-07-28_2026-07-28_20260728T153021299306Z,81778e79668b6fab38ad71abd544b6abf663a6cbc4c72c97310bc6d5ec4e0335
8100,2026-07-29,10.57,10.57,10.02,10.19,121510,1234763.69,,,,render_normalized,tasi_2026-07-29_2026-07-29_20260729T153021317502Z,cfefe94f48b73159ae82df75463f4e3f4845d0dece465ad842aa061a0d350d8d
8100,2026-07-30,10.1,10.26,9.79,9.95,126810,1269515.55,,,,render_normalized,tasi_2026-07-30_2026-07-30_20260730T153023201204Z,289b5b91df42eedaba58013d4e726e69d9b729d08635fcf0e5525b016c8d4704
8120,2026-07-01,13.33,14.2,13.19,14.06,331890,4553740.72,,,,render_normalized,tasi_2026-07-01_2026-07-25_20260724T224740032444Z,94d585e940d3932814e16b2c2d9d8088a8133afb375bbf783cc9a920dc9f56a4
8120,2026-07-02,13.98,14.49,13.98,14.38,251825,3615995.85,,,,render_normalized,tasi_2026-07-01_2026-07-25_20260724T224740032444Z,94d585e940d3932814e16b2c2d9d8088a8133afb375bbf783cc9a920dc9f56a4
8120,2026-07-05,14.38,14.47,14.19,14.45,120769,1738385.37,,,,render_normalized,tasi_2026-07-01_2026-07-25_20260724T224740032444Z,94d585e940d3932814e16b2c2d9d8088a8133afb375bbf783cc9a920dc9f56a4
8120,2026-07-06,14.47,14.47,14.04,14.17,303949,4305255.22,,,,render_normalized,tasi_2026-07-01_2026-07-25_20260724T224740032444Z,94d585e940d3932814e16b2c2d9d8088a8133afb375bbf783cc9a920dc9f56a4
8120,2026-07-07,14.15,14.35,13.99,14.24,214814,3026680.02,,,,render_normalized,tasi_2026-07-01_2026-07-25_20260724T224740032444Z,94d585e940d3932814e16b2c2d9d8088a8133afb375bbf783cc9a920dc9f56a4
8120,2026-07-08,14.02,14.29,14.02,14.28,72520,1030192.22,,,,render_normalized,tasi_2026-07-01_2026-07-25_20260724T224740032444Z,94d585e940d3932814e16b2c2d9d8088a8133afb375bbf783cc9a920dc9f56a4
8120,2026-07-09,14.28,14.47,14.15,14.24,129126,1844600.98,,,,render_normalized,tasi_2026-07-01_2026-07-25_20260724T224740032444Z,94d585e940d3932814e16b2c2d9d8088a8133afb375bbf783cc9a920dc9f56a4
8120,2026-07-12,14.3,14.43,14.0,14.41,52302,745334.71,,,,render_normalized,tasi_2026-07-01_2026-07-25_20260724T224740032444Z,94d585e940d3932814e16b2c2d9d8088a8133afb375bbf783cc9a920dc9f56a4
8120,2026-07-13,14.22,14.74,14.22,14.64,89310,1299990.08,,,,render_normalized,tasi_2026-07-01_2026-07-25_20260724T224740032444Z,94d585e940d3932814e16b2c2d9d8088a8133afb375bbf783cc9a920dc9f56a4
8120,2026-07-14,14.74,14.9,14.6,14.73,160453,2370765.7,,,,render_normalized,tasi_2026-07-01_2026-07-25_20260724T224740032444Z,94d585e940d3932814e16b2c2d9d8088a8133afb375bbf783cc9a920dc9f56a4
8120,2026-07-15,14.73,14.8,14.48,14.57,96990,1418829.73,,,,render_normalized,tasi_2026-07-01_2026-07-25_20260724T224740032444Z,94d585e940d3932814e16b2c2d9d8088a8133afb375bbf783cc9a920dc9f56a4
8120,2026-07-16,14.58,14.59,14.16,14.52,119975,1727937.07,,,,render_normalized,tasi_2026-07-01_2026-07-25_20260724T224740032444Z,94d585e940d3932814e16b2c2d9d8088a8133afb375bbf783cc9a920dc9f56a4
8120,2026-07-19,14.48,14.48,14.22,14.24,77493,1107531.84,,,,render_normalized,tasi_2026-07-01_2026-07-25_20260724T224740032444Z,94d585e940d3932814e16b2c2d9d8088a8133afb375bbf783cc9a920dc9f56a4
8120,2026-07-20,14.22,14.34,13.94,14.12,213293,3000298.63,,,,render_normalized,tasi_2026-07-01_2026-07-25_20260724T224740032444Z,94d585e940d3932814e16b2c2d9d8088a8133afb375bbf783cc9a920dc9f56a4
8120,2026-07-21,14.12,14.26,14.07,14.22,61460,870116.95,,,,render_normalized,tasi_2026-07-01_2026-07-25_20260724T224740032444Z,94d585e940d3932814e16b2c2d9d8088a8133afb375bbf783cc9a920dc9f56a4
8120,2026-07-22,14.12,14.39,14.12,14.24,34802,495236.0,,,,render_normalized,tasi_2026-07-01_2026-07-25_20260724T224740032444Z,94d585e940d3932814e16b2c2d9d8088a8133afb375bbf783cc9a920dc9f56a4
8120,2026-07-23,14.17,14.17,14.03,14.11,34695,489385.67,,,,render_normalized,tasi_2026-07-01_2026-07-25_20260724T224740032444Z,94d585e940d3932814e16b2c2d9d8088a8133afb375bbf783cc9a920dc9f56a4
8120,2026-07-26,14.12,14.25,13.67,13.86,152126,2113887.46,,,,render_normalized,tasi_2026-07-26_2026-07-26_20260726T153020799318Z,1399c61e8f7fe46fad0af17b0f849573aed0c13690e21df7605aa5855d1d51ae
8120,2026-07-27,14.08,14.11,13.4,13.7,103143,1413708.14,,,,render_normalized,tasi_2026-07-27_2026-07-27_20260727T153021805810Z,08e1cc329a03547ec4c23f2c91c1939d7f3b9ff851b637111c58a1c412e7a980
8120,2026-07-28,13.75,13.75,13.28,13.52,34513,465052.95,,,,render_normalized,tasi_2026-07-28_2026-07-28_20260728T153021299306Z,81778e79668b6fab38ad71abd544b6abf663a6cbc4c72c97310bc6d5ec4e0335
8120,2026-07-29,13.61,13.61,13.1,13.54,57673,763443.38,,,,render_normalized,tasi_2026-07-29_2026-07-29_20260729T153021317502Z,cfefe94f48b73159ae82df75463f4e3f4845d0dece465ad842aa061a0d350d8d
8120,2026-07-30,13.53,13.59,13.19,13.59,26441,354524.68,,,,render_normalized,tasi_2026-07-30_2026-07-30_20260730T153023201204Z,289b5b91df42eedaba58013d4e726e69d9b729d08635fcf0e5525b016c8d4704
8150,2026-07-01,7.0,7.48,6.87,7.37,1467951,10608406.62,,,,render_normalized,tasi_2026-07-01_2026-07-25_20260724T224740032444Z,94d585e940d3932814e16b2c2d9d8088a8133afb375bbf783cc9a920dc9f56a4
8150,2026-07-02,7.4,7.64,7.25,7.44,1035722,7669908.35,,,,render_normalized,tasi_2026-07-01_2026-07-25_20260724T224740032444Z,94d585e940d3932814e16b2c2d9d8088a8133afb375bbf783cc9a920dc9f56a4
8150,2026-07-05,7.5,7.5,7.2,7.2,576875,4257207.34,,,,render_normalized,tasi_2026-07-01_2026-07-25_20260724T224740032444Z,94d585e940d3932814e16b2c2d9d8088a8133afb375bbf783cc9a920dc9f56a4
8150,2026-07-06,7.2,7.27,6.93,6.93,362694,2580637.81,,,,render_normalized,tasi_2026-07-01_2026-07-25_20260724T224740032444Z,94d585e940d3932814e16b2c2d9d8088a8133afb375bbf783cc9a920dc9f56a4
8150,2026-07-07,6.94,7.44,6.94,7.05,1454311,10575575.43,,,,render_normalized,tasi_2026-07-01_2026-07-25_20260724T224740032444Z,94d585e940d3932814e16b2c2d9d8088a8133afb375bbf783cc9a920dc9f56a4
8150,2026-07-08,7.11,7.38,6.93,7.21,1068063,7725968.52,,,,render_normalized,tasi_2026-07-01_2026-07-25_20260724T224740032444Z,94d585e940d3932814e16b2c2d9d8088a8133afb375bbf783cc9a920dc9f56a4
8150,2026-07-09,7.22,7.6,7.11,7.39,1090495,8075825.47,,,,render_normalized,tasi_2026-07-01_2026-07-25_20260724T224740032444Z,94d585e940d3932814e16b2c2d9d8088a8133afb375bbf783cc9a920dc9f56a4
8150,2026-07-12,7.4,7.74,7.36,7.44,1284647,9685071.49,,,,render_normalized,tasi_2026-07-01_2026-07-25_20260724T224740032444Z,94d585e940d3932814e16b2c2d9d8088a8133afb375bbf783cc9a920dc9f56a4
8150,2026-07-13,7.5,7.8,7.37,7.41,1393038,10549427.03,,,,render_normalized,tasi_2026-07-01_2026-07-25_20260724T224740032444Z,94d585e940d3932814e16b2c2d9d8088a8133afb375bbf783cc9a920dc9f56a4
8150,2026-07-14,7.41,7.75,7.41,7.46,937405,7084066.06,,,,render_normalized,tasi_2026-07-01_2026-07-25_20260724T224740032444Z,94d585e940d3932814e16b2c2d9d8088a8133afb375bbf783cc9a920dc9f56a4
8150,2026-07-15,7.47,7.48,7.18,7.2,419257,3073986.76,,,,render_normalized,tasi_2026-07-01_2026-07-25_20260724T224740032444Z,94d585e940d3932814e16b2c2d9d8088a8133afb375bbf783cc9a920dc9f56a4
8150,2026-07-16,7.1,7.24,7.01,7.09,593687,4223385.12,,,,render_normalized,tasi_2026-07-01_2026-07-25_20260724T224740032444Z,94d585e940d3932814e16b2c2d9d8088a8133afb375bbf783cc9a920dc9f56a4
8150,2026-07-19,7.09,7.27,7.03,7.16,441125,3150391.95,,,,render_normalized,tasi_2026-07-01_2026-07-25_20260724T224740032444Z,94d585e940d3932814e16b2c2d9d8088a8133afb375bbf783cc9a920dc9f56a4
8150,2026-07-20,7.16,7.3,7.05,7.05,334583,2392670.31,,,,render_normalized,tasi_2026-07-01_2026-07-25_20260724T224740032444Z,94d585e940d3932814e16b2c2d9d8088a8133afb375bbf783cc9a920dc9f56a4
8150,2026-07-21,7.0,7.09,6.89,6.91,273231,1909570.31,,,,render_normalized,tasi_2026-07-01_2026-07-25_20260724T224740032444Z,94d585e940d3932814e16b2c2d9d8088a8133afb375bbf783cc9a920dc9f56a4
8150,2026-07-22,6.92,6.98,6.77,6.8,267706,1838880.68,,,,render_normalized,tasi_2026-07-01_2026-07-25_20260724T224740032444Z,94d585e940d3932814e16b2c2d9d8088a8133afb375bbf783cc9a920dc9f56a4
8150,2026-07-23,6.8,6.91,6.72,6.72,202544,1382196.64,,,,render_normalized,tasi_2026-07-01_2026-07-25_20260724T224740032444Z,94d585e940d3932814e16b2c2d9d8088a8133afb375bbf783cc9a920dc9f56a4
8150,2026-07-26,6.74,6.79,6.57,6.6,273722,1833393.09,,,,render_normalized,tasi_2026-07-26_2026-07-26_20260726T153020799318Z,1399c61e8f7fe46fad0af17b0f849573aed0c13690e21df7605aa5855d1d51ae
8150,2026-07-27,6.6,6.83,6.49,6.6,479002,3192138.12,,,,render_normalized,tasi_2026-07-27_2026-07-27_20260727T153021805810Z,08e1cc329a03547ec4c23f2c91c1939d7f3b9ff851b637111c58a1c412e7a980
8150,2026-07-28,6.7,6.7,6.5,6.5,234510,1552505.97,,,,render_normalized,tasi_2026-07-28_2026-07-28_20260728T153021299306Z,81778e79668b6fab38ad71abd544b6abf663a6cbc4c72c97310bc6d5ec4e0335
8150,2026-07-29,6.5,6.5,6.4,6.43,222457,1434402.42,,,,render_normalized,tasi_2026-07-29_2026-07-29_20260729T153021317502Z,cfefe94f48b73159ae82df75463f4e3f4845d0dece465ad842aa061a0d350d8d
8150,2026-07-30,6.49,6.49,6.35,6.35,147597,941435.98,,,,render_normalized,tasi_2026-07-30_2026-07-30_20260730T153023201204Z,289b5b91df42eedaba58013d4e726e69d9b729d08635fcf0e5525b016c8d4704
8160,2026-07-01,8.89,8.95,8.65,8.82,581404,5114402.5,,,,render_normalized,tasi_2026-07-01_2026-07-25_20260724T224740032444Z,94d585e940d3932814e16b2c2d9d8088a8133afb375bbf783cc9a920dc9f56a4
8160,2026-07-02,8.79,9.05,8.72,8.82,689759,6126591.04,,,,render_normalized,tasi_2026-07-01_2026-07-25_20260724T224740032444Z,94d585e940d3932814e16b2c2d9d8088a8133afb375bbf783cc9a920dc9f56a4
8160,2026-07-05,8.83,8.96,8.75,8.78,375962,3320558.68,,,,render_normalized,tasi_2026-07-01_2026-07-25_20260724T224740032444Z,94d585e940d3932814e16b2c2d9d8088a8133afb375bbf783cc9a920dc9f56a4
8160,2026-07-06,8.8,8.88,8.6,8.71,175940,1530301.76,,,,render_normalized,tasi_2026-07-01_2026-07-25_20260724T224740032444Z,94d585e940d3932814e16b2c2d9d8088a8133afb375bbf783cc9a920dc9f56a4
8160,2026-07-07,8.71,8.71,8.56,8.56,120613,1040925.38,,,,render_normalized,tasi_2026-07-01_2026-07-25_20260724T224740032444Z,94d585e940d3932814e16b2c2d9d8088a8133afb375bbf783cc9a920dc9f56a4
8160,2026-07-08,8.5,8.51,8.3,8.34,139086,1166409.83,,,,render_normalized,tasi_2026-07-01_2026-07-25_20260724T224740032444Z,94d585e940d3932814e16b2c2d9d8088a8133afb375bbf783cc9a920dc9f56a4
8160,2026-07-09,8.36,8.5,8.25,8.47,79439,665354.54,,,,render_normalized,tasi_2026-07-01_2026-07-25_20260724T224740032444Z,94d585e940d3932814e16b2c2d9d8088a8133afb375bbf783cc9a920dc9f56a4
8160,2026-07-12,8.58,8.8,8.5,8.58,192704,1664614.37,,,,render_normalized,tasi_2026-07-01_2026-07-25_20260724T224740032444Z,94d585e940d3932814e16b2c2d9d8088a8133afb375bbf783cc9a920dc9f56a4
8160,2026-07-13,8.58,8.75,8.51,8.67,159700,1379351.69,,,,render_normalized,tasi_2026-07-01_2026-07-25_20260724T224740032444Z,94d585e940d3932814e16b2c2d9d8088a8133afb375bbf783cc9a920dc9f56a4
8160,2026-07-14,8.61,8.71,8.44,8.47,329150,2819174.75,,,,render_normalized,tasi_2026-07-01_2026-07-25_20260724T224740032444Z,94d585e940d3932814e16b2c2d9d8088a8133afb375bbf783cc9a920dc9f56a4
8160,2026-07-15,8.44,8.48,8.35,8.41,140399,1180349.34,,,,render_normalized,tasi_2026-07-01_2026-07-25_20260724T224740032444Z,94d585e940d3932814e16b2c2d9d8088a8133afb375bbf783cc9a920dc9f56a4
8160,2026-07-16,8.35,8.43,8.3,8.41,81237,678767.92,,,,render_normalized,tasi_2026-07-01_2026-07-25_20260724T224740032444Z,94d585e940d3932814e16b2c2d9d8088a8133afb375bbf783cc9a920dc9f56a4
8160,2026-07-19,8.41,8.49,8.32,8.41,80618,677890.11,,,,render_normalized,tasi_2026-07-01_2026-07-25_20260724T224740032444Z,94d585e940d3932814e16b2c2d9d8088a8133afb375bbf783cc9a920dc9f56a4
8160,2026-07-20,8.38,8.44,8.31,8.42,40479,338226.84,,,,render_normalized,tasi_2026-07-01_2026-07-25_20260724T224740032444Z,94d585e940d3932814e16b2c2d9d8088a8133afb375bbf783cc9a920dc9f56a4
8160,2026-07-21,8.42,8.42,8.3,8.41,53782,447894.5,,,,render_normalized,tasi_2026-07-01_2026-07-25_20260724T224740032444Z,94d585e940d3932814e16b2c2d9d8088a8133afb375bbf783cc9a920dc9f56a4
8160,2026-07-22,8.41,8.47,8.31,8.37,82139,687516.33,,,,render_normalized,tasi_2026-07-01_2026-07-25_20260724T224740032444Z,94d585e940d3932814e16b2c2d9d8088a8133afb375bbf783cc9a920dc9f56a4
8160,2026-07-23,8.38,8.38,8.3,8.38,92524,768537.57,,,,render_normalized,tasi_2026-07-01_2026-07-25_20260724T224740032444Z,94d585e940d3932814e16b2c2d9d8088a8133afb375bbf783cc9a920dc9f56a4
8160,2026-07-26,8.38,8.4,8.27,8.29,29514,245140.5,,,,render_normalized,tasi_2026-07-26_2026-07-26_20260726T153020799318Z,1399c61e8f7fe46fad0af17b0f849573aed0c13690e21df7605aa5855d1d51ae
8160,2026-07-27,8.28,8.36,8.22,8.29,103271,855894.19,,,,render_normalized,tasi_2026-07-27_2026-07-27_20260727T153021805810Z,08e1cc329a03547ec4c23f2c91c1939d7f3b9ff851b637111c58a1c412e7a980
8160,2026-07-28,8.29,8.29,8.06,8.12,86973,706926.01,,,,render_normalized,tasi_2026-07-28_2026-07-28_20260728T153021299306Z,81778e79668b6fab38ad71abd544b6abf663a6cbc4c72c97310bc6d5ec4e0335
8160,2026-07-29,8.1,8.13,8.04,8.13,83136,670151.08,,,,render_normalized,tasi_2026-07-29_2026-07-29_20260729T153021317502Z,cfefe94f48b73159ae82df75463f4e3f4845d0dece465ad842aa061a0d350d8d
8160,2026-07-30,8.13,8.15,8.02,8.12,15140,122488.17,,,,render_normalized,tasi_2026-07-30_2026-07-30_20260730T153023201204Z,289b5b91df42eedaba58013d4e726e69d9b729d08635fcf0e5525b016c8d4704
8170,2026-07-01,6.85,7.02,6.67,6.92,682029,4671954.42,,,,render_normalized,tasi_2026-07-01_2026-07-25_20260724T224740032444Z,94d585e940d3932814e16b2c2d9d8088a8133afb375bbf783cc9a920dc9f56a4
8170,2026-07-02,6.86,7.22,6.77,7.03,1044924,7329896.94,,,,render_normalized,tasi_2026-07-01_2026-07-25_20260724T224740032444Z,94d585e940d3932814e16b2c2d9d8088a8133afb375bbf783cc9a920dc9f56a4
8170,2026-07-05,7.12,7.52,7.03,7.35,757946,5569956.55,,,,render_normalized,tasi_2026-07-01_2026-07-25_20260724T224740032444Z,94d585e940d3932814e16b2c2d9d8088a8133afb375bbf783cc9a920dc9f56a4
8170,2026-07-06,7.31,7.31,6.93,7.0,567329,4000708.55,,,,render_normalized,tasi_2026-07-01_2026-07-25_20260724T224740032444Z,94d585e940d3932814e16b2c2d9d8088a8133afb375bbf783cc9a920dc9f56a4
8170,2026-07-07,7.0,7.16,6.93,6.95,633737,4473808.88,,,,render_normalized,tasi_2026-07-01_2026-07-25_20260724T224740032444Z,94d585e940d3932814e16b2c2d9d8088a8133afb375bbf783cc9a920dc9f56a4
8170,2026-07-08,6.81,6.92,6.71,6.77,247446,1685571.18,,,,render_normalized,tasi_2026-07-01_2026-07-25_20260724T224740032444Z,94d585e940d3932814e16b2c2d9d8088a8133afb375bbf783cc9a920dc9f56a4
8170,2026-07-09,6.75,6.94,6.7,6.81,264179,1803681.3,,,,render_normalized,tasi_2026-07-01_2026-07-25_20260724T224740032444Z,94d585e940d3932814e16b2c2d9d8088a8133afb375bbf783cc9a920dc9f56a4
8170,2026-07-12,6.84,7.03,6.8,6.9,237154,1643843.12,,,,render_normalized,tasi_2026-07-01_2026-07-25_20260724T224740032444Z,94d585e940d3932814e16b2c2d9d8088a8133afb375bbf783cc9a920dc9f56a4
8170,2026-07-13,6.86,7.59,6.86,7.59,2606340,19214389.71,,,,render_normalized,tasi_2026-07-01_2026-07-25_20260724T224740032444Z,94d585e940d3932814e16b2c2d9d8088a8133afb375bbf783cc9a920dc9f56a4
8170,2026-07-14,7.44,8.07,7.35,7.89,2711805,21139792.04,,,,render_normalized,tasi_2026-07-01_2026-07-25_20260724T224740032444Z,94d585e940d3932814e16b2c2d9d8088a8133afb375bbf783cc9a920dc9f56a4
8170,2026-07-15,7.87,7.96,7.58,7.68,670043,5210025.73,,,,render_normalized,tasi_2026-07-01_2026-07-25_20260724T224740032444Z,94d585e940d3932814e16b2c2d9d8088a8133afb375bbf783cc9a920dc9f56a4
8170,2026-07-16,7.66,7.67,7.37,7.39,476200,3575612.07,,,,render_normalized,tasi_2026-07-01_2026-07-25_20260724T224740032444Z,94d585e940d3932814e16b2c2d9d8088a8133afb375bbf783cc9a920dc9f56a4
8170,2026-07-19,7.39,7.87,7.38,7.69,1134139,8727481.16,,,,render_normalized,tasi_2026-07-01_2026-07-25_20260724T224740032444Z,94d585e940d3932814e16b2c2d9d8088a8133afb375bbf783cc9a920dc9f56a4
8170,2026-07-20,7.65,7.77,7.4,7.4,709357,5366212.15,,,,render_normalized,tasi_2026-07-01_2026-07-25_20260724T224740032444Z,94d585e940d3932814e16b2c2d9d8088a8133afb375bbf783cc9a920dc9f56a4
8170,2026-07-21,7.27,7.45,6.87,7.1,1734363,12280096.16,,,,render_normalized,tasi_2026-07-01_2026-07-25_20260724T224740032444Z,94d585e940d3932814e16b2c2d9d8088a8133afb375bbf783cc9a920dc9f56a4
8170,2026-07-22,7.0,7.25,6.93,6.96,591700,4180926.65,,,,render_normalized,tasi_2026-07-01_2026-07-25_20260724T224740032444Z,94d585e940d3932814e16b2c2d9d8088a8133afb375bbf783cc9a920dc9f56a4
8170,2026-07-23,6.99,7.17,6.93,7.0,467826,3293415.71,,,,render_normalized,tasi_2026-07-01_2026-07-25_20260724T224740032444Z,94d585e940d3932814e16b2c2d9d8088a8133afb375bbf783cc9a920dc9f56a4
8170,2026-07-26,6.95,7.06,6.88,6.94,183136,1273063.0,,,,render_normalized,tasi_2026-07-26_2026-07-26_20260726T153020799318Z,1399c61e8f7fe46fad0af17b0f849573aed0c13690e21df7605aa5855d1d51ae
8170,2026-07-27,6.96,7.63,6.86,7.14,2087708,15241480.42,,,,render_normalized,tasi_2026-07-27_2026-07-27_20260727T153021805810Z,08e1cc329a03547ec4c23f2c91c1939d7f3b9ff851b637111c58a1c412e7a980
8170,2026-07-28,7.13,7.38,7.01,7.1,472513,3394775.84,,,,render_normalized,tasi_2026-07-28_2026-07-28_20260728T153021299306Z,81778e79668b6fab38ad71abd544b6abf663a6cbc4c72c97310bc6d5ec4e0335
8170,2026-07-29,7.1,7.21,6.92,7.0,307911,2164692.02,,,,render_normalized,tasi_2026-07-29_2026-07-29_20260729T153021317502Z,cfefe94f48b73159ae82df75463f4e3f4845d0dece465ad842aa061a0d350d8d
8170,2026-07-30,6.96,7.04,6.81,7.0,262154,1814224.41,,,,render_normalized,tasi_2026-07-30_2026-07-30_20260730T153023201204Z,289b5b91df42eedaba58013d4e726e69d9b729d08635fcf0e5525b016c8d4704
8180,2026-07-01,11.79,11.96,11.65,11.85,389143,4594561.77,,,,render_normalized,tasi_2026-07-01_2026-07-25_20260724T224740032444Z,94d585e940d3932814e16b2c2d9d8088a8133afb375bbf783cc9a920dc9f56a4
8180,2026-07-02,11.85,12.24,11.85,12.01,549510,6645183.28,,,,render_normalized,tasi_2026-07-01_2026-07-25_20260724T224740032444Z,94d585e940d3932814e16b2c2d9d8088a8133afb375bbf783cc9a920dc9f56a4
8180,2026-07-05,12.1,12.16,11.74,11.78,406117,4836688.43,,,,render_normalized,tasi_2026-07-01_2026-07-25_20260724T224740032444Z,94d585e940d3932814e16b2c2d9d8088a8133afb375bbf783cc9a920dc9f56a4
8180,2026-07-06,11.76,11.78,11.58,11.63,171954,2006065.38,,,,render_normalized,tasi_2026-07-01_2026-07-25_20260724T224740032444Z,94d585e940d3932814e16b2c2d9d8088a8133afb375bbf783cc9a920dc9f56a4
8180,2026-07-07,11.63,11.95,11.6,11.71,224821,2655102.3,,,,render_normalized,tasi_2026-07-01_2026-07-25_20260724T224740032444Z,94d585e940d3932814e16b2c2d9d8088a8133afb375bbf783cc9a920dc9f56a4
8180,2026-07-08,11.54,11.64,11.38,11.45,175999,2024390.68,,,,render_normalized,tasi_2026-07-01_2026-07-25_20260724T224740032444Z,94d585e940d3932814e16b2c2d9d8088a8133afb375bbf783cc9a920dc9f56a4
8180,2026-07-09,11.41,11.64,11.38,11.47,104919,1206230.36,,,,render_normalized,tasi_2026-07-01_2026-07-25_20260724T224740032444Z,94d585e940d3932814e16b2c2d9d8088a8133afb375bbf783cc9a920dc9f56a4
8180,2026-07-12,11.5,11.75,11.44,11.55,168224,1949113.3,,,,render_normalized,tasi_2026-07-01_2026-07-25_20260724T224740032444Z,94d585e940d3932814e16b2c2d9d8088a8133afb375bbf783cc9a920dc9f56a4
8180,2026-07-13,11.53,11.83,11.5,11.54,191128,2224142.07,,,,render_normalized,tasi_2026-07-01_2026-07-25_20260724T224740032444Z,94d585e940d3932814e16b2c2d9d8088a8133afb375bbf783cc9a920dc9f56a4
8180,2026-07-14,11.54,11.69,11.42,11.42,132275,1524391.0,,,,render_normalized,tasi_2026-07-01_2026-07-25_20260724T224740032444Z,94d585e940d3932814e16b2c2d9d8088a8133afb375bbf783cc9a920dc9f56a4
8180,2026-07-15,11.41,11.6,11.18,11.21,156271,1776616.68,,,,render_normalized,tasi_2026-07-01_2026-07-25_20260724T224740032444Z,94d585e940d3932814e16b2c2d9d8088a8133afb375bbf783cc9a920dc9f56a4
8180,2026-07-16,11.22,11.39,11.17,11.35,129474,1459767.04,,,,render_normalized,tasi_2026-07-01_2026-07-25_20260724T224740032444Z,94d585e940d3932814e16b2c2d9d8088a8133afb375bbf783cc9a920dc9f56a4
8180,2026-07-19,11.11,11.43,11.11,11.29,105886,1194519.16,,,,render_normalized,tasi_2026-07-01_2026-07-25_20260724T224740032444Z,94d585e940d3932814e16b2c2d9d8088a8133afb375bbf783cc9a920dc9f56a4
8180,2026-07-20,11.2,11.32,11.12,11.12,66677,747771.68,,,,render_normalized,tasi_2026-07-01_2026-07-25_20260724T224740032444Z,94d585e940d3932814e16b2c2d9d8088a8133afb375bbf783cc9a920dc9f56a4
8180,2026-07-21,11.2,11.26,10.97,11.07,119864,1334888.66,,,,render_normalized,tasi_2026-07-01_2026-07-25_20260724T224740032444Z,94d585e940d3932814e16b2c2d9d8088a8133afb375bbf783cc9a920dc9f56a4
8180,2026-07-22,11.08,11.18,10.98,11.18,69861,773940.09,,,,render_normalized,tasi_2026-07-01_2026-07-25_20260724T224740032444Z,94d585e940d3932814e16b2c2d9d8088a8133afb375bbf783cc9a920dc9f56a4
8180,2026-07-23,11.26,11.26,10.99,11.08,146207,1626376.52,,,,render_normalized,tasi_2026-07-01_2026-07-25_20260724T224740032444Z,94d585e940d3932814e16b2c2d9d8088a8133afb375bbf783cc9a920dc9f56a4
8180,2026-07-26,11.02,11.24,10.97,10.98,148250,1641620.11,,,,render_normalized,tasi_2026-07-26_2026-07-26_20260726T153020799318Z,1399c61e8f7fe46fad0af17b0f849573aed0c13690e21df7605aa5855d1d51ae
8180,2026-07-27,10.93,11.02,10.85,10.89,107966,1180309.04,,,,render_normalized,tasi_2026-07-27_2026-07-27_20260727T153021805810Z,08e1cc329a03547ec4c23f2c91c1939d7f3b9ff851b637111c58a1c412e7a980
8180,2026-07-28,10.85,10.86,10.5,10.5,123506,1315584.15,,,,render_normalized,tasi_2026-07-28_2026-07-28_20260728T153021299306Z,81778e79668b6fab38ad71abd544b6abf663a6cbc4c72c97310bc6d5ec4e0335
8180,2026-07-29,10.55,10.58,10.24,10.29,100524,1042359.24,,,,render_normalized,tasi_2026-07-29_2026-07-29_20260729T153021317502Z,cfefe94f48b73159ae82df75463f4e3f4845d0dece465ad842aa061a0d350d8d
8180,2026-07-30,10.29,10.45,10.22,10.31,111101,1147839.69,,,,render_normalized,tasi_2026-07-30_2026-07-30_20260730T153023201204Z,289b5b91df42eedaba58013d4e726e69d9b729d08635fcf0e5525b016c8d4704
8190,2026-07-01,3.36,3.45,3.3,3.41,868841,2932249.92,,,,render_normalized,tasi_2026-07-01_2026-07-25_20260724T224740032444Z,94d585e940d3932814e16b2c2d9d8088a8133afb375bbf783cc9a920dc9f56a4
8190,2026-07-02,3.43,3.58,3.36,3.44,1663780,5785337.49,,,,render_normalized,tasi_2026-07-01_2026-07-25_20260724T224740032444Z,94d585e940d3932814e16b2c2d9d8088a8133afb375bbf783cc9a920dc9f56a4
8190,2026-07-05,3.52,3.52,3.43,3.46,200129,691565.2,,,,render_normalized,tasi_2026-07-01_2026-07-25_20260724T224740032444Z,94d585e940d3932814e16b2c2d9d8088a8133afb375bbf783cc9a920dc9f56a4
8190,2026-07-06,3.43,3.44,3.34,3.4,469354,1589167.86,,,,render_normalized,tasi_2026-07-01_2026-07-25_20260724T224740032444Z,94d585e940d3932814e16b2c2d9d8088a8133afb375bbf783cc9a920dc9f56a4
8190,2026-07-07,3.4,3.4,3.26,3.26,508312,1697578.29,,,,render_normalized,tasi_2026-07-01_2026-07-25_20260724T224740032444Z,94d585e940d3932814e16b2c2d9d8088a8133afb375bbf783cc9a920dc9f56a4
8190,2026-07-08,3.27,3.29,3.21,3.23,353262,1148472.97,,,,render_normalized,tasi_2026-07-01_2026-07-25_20260724T224740032444Z,94d585e940d3932814e16b2c2d9d8088a8133afb375bbf783cc9a920dc9f56a4
8190,2026-07-09,3.23,3.28,3.21,3.27,164187,532862.63,,,,render_normalized,tasi_2026-07-01_2026-07-25_20260724T224740032444Z,94d585e940d3932814e16b2c2d9d8088a8133afb375bbf783cc9a920dc9f56a4
8190,2026-07-12,3.26,3.34,3.24,3.26,542336,1775468.34,,,,render_normalized,tasi_2026-07-01_2026-07-25_20260724T224740032444Z,94d585e940d3932814e16b2c2d9d8088a8133afb375bbf783cc9a920dc9f56a4
8190,2026-07-13,3.27,3.35,3.26,3.32,378078,1251627.35,,,,render_normalized,tasi_2026-07-01_2026-07-25_20260724T224740032444Z,94d585e940d3932814e16b2c2d9d8088a8133afb375bbf783cc9a920dc9f56a4
8190,2026-07-14,3.32,3.36,3.27,3.27,279422,924900.23,,,,render_normalized,tasi_2026-07-01_2026-07-25_20260724T224740032444Z,94d585e940d3932814e16b2c2d9d8088a8133afb375bbf783cc9a920dc9f56a4
8190,2026-07-15,3.3,3.33,3.25,3.26,157007,515125.55,,,,render_normalized,tasi_2026-07-01_2026-07-25_20260724T224740032444Z,94d585e940d3932814e16b2c2d9d8088a8133afb375bbf783cc9a920dc9f56a4
8190,2026-07-16,3.27,3.27,3.22,3.25,170437,552540.43,,,,render_normalized,tasi_2026-07-01_2026-07-25_20260724T224740032444Z,94d585e940d3932814e16b2c2d9d8088a8133afb375bbf783cc9a920dc9f56a4
8190,2026-07-19,3.24,3.26,3.2,3.2,99594,321020.23,,,,render_normalized,tasi_2026-07-01_2026-07-25_20260724T224740032444Z,94d585e940d3932814e16b2c2d9d8088a8133afb375bbf783cc9a920dc9f56a4
8190,2026-07-20,3.2,3.26,3.2,3.21,134283,433353.63,,,,render_normalized,tasi_2026-07-01_2026-07-25_20260724T224740032444Z,94d585e940d3932814e16b2c2d9d8088a8133afb375bbf783cc9a920dc9f56a4
8190,2026-07-21,3.21,3.23,3.13,3.13,184446,587430.76,,,,render_normalized,tasi_2026-07-01_2026-07-25_20260724T224740032444Z,94d585e940d3932814e16b2c2d9d8088a8133afb375bbf783cc9a920dc9f56a4
8190,2026-07-22,3.13,3.16,3.11,3.14,168742,529018.18,,,,render_normalized,tasi_2026-07-01_2026-07-25_20260724T224740032444Z,94d585e940d3932814e16b2c2d9d8088a8133afb375bbf783cc9a920dc9f56a4
8190,2026-07-23,3.13,3.17,3.1,3.15,246591,773003.61,,,,render_normalized,tasi_2026-07-01_2026-07-25_20260724T224740032444Z,94d585e940d3932814e16b2c2d9d8088a8133afb375bbf783cc9a920dc9f56a4
8190,2026-07-26,3.15,3.22,3.12,3.17,142373,448447.39,,,,render_normalized,tasi_2026-07-26_2026-07-26_20260726T153020799318Z,1399c61e8f7fe46fad0af17b0f849573aed0c13690e21df7605aa5855d1d51ae
8190,2026-07-27,3.19,3.19,3.11,3.11,252726,792510.43,,,,render_normalized,tasi_2026-07-27_2026-07-27_20260727T153021805810Z,08e1cc329a03547ec4c23f2c91c1939d7f3b9ff851b637111c58a1c412e7a980
8190,2026-07-28,3.13,3.13,3.05,3.07,200288,615600.15,,,,render_normalized,tasi_2026-07-28_2026-07-28_20260728T153021299306Z,81778e79668b6fab38ad71abd544b6abf663a6cbc4c72c97310bc6d5ec4e0335
8190,2026-07-29,3.07,3.08,3.0,3.02,187376,566518.56,,,,render_normalized,tasi_2026-07-29_2026-07-29_20260729T153021317502Z,cfefe94f48b73159ae82df75463f4e3f4845d0dece465ad842aa061a0d350d8d
8190,2026-07-30,3.03,3.13,3.03,3.09,569639,1754885.0,,,,render_normalized,tasi_2026-07-30_2026-07-30_20260730T153023201204Z,289b5b91df42eedaba58013d4e726e69d9b729d08635fcf0e5525b016c8d4704
8200,2026-07-01,25.64,26.24,25.64,26.16,369492,9600716.54,,,,render_normalized,tasi_2026-07-01_2026-07-25_20260724T224740032444Z,94d585e940d3932814e16b2c2d9d8088a8133afb375bbf783cc9a920dc9f56a4
8200,2026-07-02,26.16,26.84,26.02,26.62,377693,9995167.36,,,,render_normalized,tasi_2026-07-01_2026-07-25_20260724T224740032444Z,94d585e940d3932814e16b2c2d9d8088a8133afb375bbf783cc9a920dc9f56a4
8200,2026-07-05,26.6,26.6,25.8,25.86,641656,16652441.82,,,,render_normalized,tasi_2026-07-01_2026-07-25_20260724T224740032444Z,94d585e940d3932814e16b2c2d9d8088a8133afb375bbf783cc9a920dc9f56a4
8200,2026-07-06,25.82,26.28,25.54,25.76,463933,11986385.0,,,,render_normalized,tasi_2026-07-01_2026-07-25_20260724T224740032444Z,94d585e940d3932814e16b2c2d9d8088a8133afb375bbf783cc9a920dc9f56a4
8200,2026-07-07,25.76,26.84,25.7,26.46,803629,21225368.44,,,,render_normalized,tasi_2026-07-01_2026-07-25_20260724T224740032444Z,94d585e940d3932814e16b2c2d9d8088a8133afb375bbf783cc9a920dc9f56a4
8200,2026-07-08,26.18,26.28,25.74,25.8,258661,6703178.74,,,,render_normalized,tasi_2026-07-01_2026-07-25_20260724T224740032444Z,94d585e940d3932814e16b2c2d9d8088a8133afb375bbf783cc9a920dc9f56a4
8200,2026-07-09,25.72,26.5,25.5,26.3,391879,10240544.04,,,,render_normalized,tasi_2026-07-01_2026-07-25_20260724T224740032444Z,94d585e940d3932814e16b2c2d9d8088a8133afb375bbf783cc9a920dc9f56a4
8200,2026-07-12,26.28,26.6,26.18,26.2,159566,4196987.02,,,,render_normalized,tasi_2026-07-01_2026-07-25_20260724T224740032444Z,94d585e940d3932814e16b2c2d9d8088a8133afb375bbf783cc9a920dc9f56a4
8200,2026-07-13,26.08,26.84,26.08,26.66,354671,9428258.04,,,,render_normalized,tasi_2026-07-01_2026-07-25_20260724T224740032444Z,94d585e940d3932814e16b2c2d9d8088a8133afb375bbf783cc9a920dc9f56a4
8200,2026-07-14,26.9,27.0,26.64,26.76,661121,17769027.64,,,,render_normalized,tasi_2026-07-01_2026-07-25_20260724T224740032444Z,94d585e940d3932814e16b2c2d9d8088a8133afb375bbf783cc9a920dc9f56a4
8200,2026-07-15,26.8,27.46,26.74,27.0,518110,14034325.16,,,,render_normalized,tasi_2026-07-01_2026-07-25_20260724T224740032444Z,94d585e940d3932814e16b2c2d9d8088a8133afb375bbf783cc9a920dc9f56a4
8200,2026-07-16,26.9,26.96,26.06,26.7,379452,10020444.66,,,,render_normalized,tasi_2026-07-01_2026-07-25_20260724T224740032444Z,94d585e940d3932814e16b2c2d9d8088a8133afb375bbf783cc9a920dc9f56a4
8200,2026-07-19,26.32,26.46,25.84,25.84,222078,5778392.32,,,,render_normalized,tasi_2026-07-01_2026-07-25_20260724T224740032444Z,94d585e940d3932814e16b2c2d9d8088a8133afb375bbf783cc9a920dc9f56a4
8200,2026-07-20,25.8,26.28,25.76,26.1,215273,5600346.2,,,,render_normalized,tasi_2026-07-01_2026-07-25_20260724T224740032444Z,94d585e940d3932814e16b2c2d9d8088a8133afb375bbf783cc9a920dc9f56a4
8200,2026-07-21,25.82,26.34,25.82,25.9,149673,3902668.06,,,,render_normalized,tasi_2026-07-01_2026-07-25_20260724T224740032444Z,94d585e940d3932814e16b2c2d9d8088a8133afb375bbf783cc9a920dc9f56a4
8200,2026-07-22,25.8,26.14,25.68,26.0,176269,4568437.86,,,,render_normalized,tasi_2026-07-01_2026-07-25_20260724T224740032444Z,94d585e940d3932814e16b2c2d9d8088a8133afb375bbf783cc9a920dc9f56a4
8200,2026-07-23,25.8,26.18,25.8,25.88,140113,3638064.88,,,,render_normalized,tasi_2026-07-01_2026-07-25_20260724T224740032444Z,94d585e940d3932814e16b2c2d9d8088a8133afb375bbf783cc9a920dc9f56a4
8200,2026-07-26,25.92,26.2,25.78,25.8,181508,4697816.26,,,,render_normalized,tasi_2026-07-26_2026-07-26_20260726T153020799318Z,1399c61e8f7fe46fad0af17b0f849573aed0c13690e21df7605aa5855d1d51ae
8200,2026-07-27,25.88,25.9,25.34,25.4,231108,5905689.4,,,,render_normalized,tasi_2026-07-27_2026-07-27_20260727T153021805810Z,08e1cc329a03547ec4c23f2c91c1939d7f3b9ff851b637111c58a1c412e7a980
8200,2026-07-28,25.4,25.4,24.8,24.8,172807,4330583.12,,,,render_normalized,tasi_2026-07-28_2026-07-28_20260728T153021299306Z,81778e79668b6fab38ad71abd544b6abf663a6cbc4c72c97310bc6d5ec4e0335
8200,2026-07-29,24.92,25.1,24.48,24.62,152031,3750211.8,,,,render_normalized,tasi_2026-07-29_2026-07-29_20260729T153021317502Z,cfefe94f48b73159ae82df75463f4e3f4845d0dece465ad842aa061a0d350d8d
8200,2026-07-30,24.84,24.84,23.31,23.9,567708,13506637.64,,,,render_normalized,tasi_2026-07-30_2026-07-30_20260730T153023201204Z,289b5b91df42eedaba58013d4e726e69d9b729d08635fcf0e5525b016c8d4704
8210,2026-07-01,173.0,173.2,170.2,171.0,63640,10931883.5,,,,render_normalized,tasi_2026-07-01_2026-07-25_20260724T224740032444Z,94d585e940d3932814e16b2c2d9d8088a8133afb375bbf783cc9a920dc9f56a4
8210,2026-07-02,171.1,172.3,168.9,168.9,74571,12655938.3,,,,render_normalized,tasi_2026-07-01_2026-07-25_20260724T224740032444Z,94d585e940d3932814e16b2c2d9d8088a8133afb375bbf783cc9a920dc9f56a4
8210,2026-07-05,168.9,169.8,165.6,166.8,53399,8911874.5,,,,render_normalized,tasi_2026-07-01_2026-07-25_20260724T224740032444Z,94d585e940d3932814e16b2c2d9d8088a8133afb375bbf783cc9a920dc9f56a4
8210,2026-07-06,166.8,167.2,160.8,162.0,152522,24795937.8,,,,render_normalized,tasi_2026-07-01_2026-07-25_20260724T224740032444Z,94d585e940d3932814e16b2c2d9d8088a8133afb375bbf783cc9a920dc9f56a4
8210,2026-07-07,161.9,165.2,158.6,165.1,141006,22915143.9,,,,render_normalized,tasi_2026-07-01_2026-07-25_20260724T224740032444Z,94d585e940d3932814e16b2c2d9d8088a8133afb375bbf783cc9a920dc9f56a4
8210,2026-07-08,163.2,166.6,160.9,162.9,106564,17376619.8,,,,render_normalized,tasi_2026-07-01_2026-07-25_20260724T224740032444Z,94d585e940d3932814e16b2c2d9d8088a8133afb375bbf783cc9a920dc9f56a4
8210,2026-07-09,162.9,163.8,160.0,162.9,46873,7599359.2,,,,render_normalized,tasi_2026-07-01_2026-07-25_20260724T224740032444Z,94d585e940d3932814e16b2c2d9d8088a8133afb375bbf783cc9a920dc9f56a4
8210,2026-07-12,160.6,163.3,160.6,161.3,36990,6000337.2,,,,render_normalized,tasi_2026-07-01_2026-07-25_20260724T224740032444Z,94d585e940d3932814e16b2c2d9d8088a8133afb375bbf783cc9a920dc9f56a4
8210,2026-07-13,160.2,162.5,157.3,160.0,87812,14133724.4,,,,render_normalized,tasi_2026-07-01_2026-07-25_20260724T224740032444Z,94d585e940d3932814e16b2c2d9d8088a8133afb375bbf783cc9a920dc9f56a4
8210,2026-07-14,159.0,161.2,158.0,159.4,86748,13834789.9,,,,render_normalized,tasi_2026-07-01_2026-07-25_20260724T224740032444Z,94d585e940d3932814e16b2c2d9d8088a8133afb375bbf783cc9a920dc9f56a4
8210,2026-07-15,159.3,160.8,157.3,158.2,129287,20490774.6,,,,render_normalized,tasi_2026-07-01_2026-07-25_20260724T224740032444Z,94d585e940d3932814e16b2c2d9d8088a8133afb375bbf783cc9a920dc9f56a4
8210,2026-07-16,158.2,159.4,157.1,158.9,101426,16038941.8,,,,render_normalized,tasi_2026-07-01_2026-07-25_20260724T224740032444Z,94d585e940d3932814e16b2c2d9d8088a8133afb375bbf783cc9a920dc9f56a4
8210,2026-07-19,157.2,165.0,157.2,164.0,92123,14986365.7,,,,render_normalized,tasi_2026-07-01_2026-07-25_20260724T224740032444Z,94d585e940d3932814e16b2c2d9d8088a8133afb375bbf783cc9a920dc9f56a4
8210,2026-07-20,166.0,166.0,162.5,163.0,141928,23235702.3,,,,render_normalized,tasi_2026-07-01_2026-07-25_20260724T224740032444Z,94d585e940d3932814e16b2c2d9d8088a8133afb375bbf783cc9a920dc9f56a4
8210,2026-07-21,163.0,165.6,161.3,164.8,143596,23469292.5,,,,render_normalized,tasi_2026-07-01_2026-07-25_20260724T224740032444Z,94d585e940d3932814e16b2c2d9d8088a8133afb375bbf783cc9a920dc9f56a4
8210,2026-07-22,164.8,165.9,162.3,164.2,108944,17883292.0,,,,render_normalized,tasi_2026-07-01_2026-07-25_20260724T224740032444Z,94d585e940d3932814e16b2c2d9d8088a8133afb375bbf783cc9a920dc9f56a4
8210,2026-07-23,165.3,170.7,164.1,167.7,153050,25727225.9,,,,render_normalized,tasi_2026-07-01_2026-07-25_20260724T224740032444Z,94d585e940d3932814e16b2c2d9d8088a8133afb375bbf783cc9a920dc9f56a4
8210,2026-07-26,170.0,170.9,167.3,168.0,39137,6592370.9,,,,render_normalized,tasi_2026-07-26_2026-07-26_20260726T153020799318Z,1399c61e8f7fe46fad0af17b0f849573aed0c13690e21df7605aa5855d1d51ae
8210,2026-07-27,169.0,169.3,166.2,167.0,93213,15606155.5,,,,render_normalized,tasi_2026-07-27_2026-07-27_20260727T153021805810Z,08e1cc329a03547ec4c23f2c91c1939d7f3b9ff851b637111c58a1c412e7a980
8210,2026-07-28,167.0,167.8,163.7,163.7,99563,16547082.6,,,,render_normalized,tasi_2026-07-28_2026-07-28_20260728T153021299306Z,81778e79668b6fab38ad71abd544b6abf663a6cbc4c72c97310bc6d5ec4e0335
8210,2026-07-29,163.7,165.4,161.0,162.2,56903,9225611.9,,,,render_normalized,tasi_2026-07-29_2026-07-29_20260729T153021317502Z,cfefe94f48b73159ae82df75463f4e3f4845d0dece465ad842aa061a0d350d8d
8210,2026-07-30,164.6,164.6,156.9,157.0,139683,22225704.9,,,,render_normalized,tasi_2026-07-30_2026-07-30_20260730T153023201204Z,289b5b91df42eedaba58013d4e726e69d9b729d08635fcf0e5525b016c8d4704
8230,2026-07-01,52.0,52.75,51.95,52.1,277545,14507536.75,,,,render_normalized,tasi_2026-07-01_2026-07-25_20260724T224740032444Z,94d585e940d3932814e16b2c2d9d8088a8133afb375bbf783cc9a920dc9f56a4
8230,2026-07-02,52.5,55.0,52.2,52.4,844202,44919717.05,,,,render_normalized,tasi_2026-07-01_2026-07-25_20260724T224740032444Z,94d585e940d3932814e16b2c2d9d8088a8133afb375bbf783cc9a920dc9f56a4
8230,2026-07-05,52.5,52.7,51.8,52.25,150444,7835099.65,,,,render_normalized,tasi_2026-07-01_2026-07-25_20260724T224740032444Z,94d585e940d3932814e16b2c2d9d8088a8133afb375bbf783cc9a920dc9f56a4
8230,2026-07-06,52.25,53.25,52.05,53.15,309631,16329956.65,,,,render_normalized,tasi_2026-07-01_2026-07-25_20260724T224740032444Z,94d585e940d3932814e16b2c2d9d8088a8133afb375bbf783cc9a920dc9f56a4
8230,2026-07-07,53.25,53.5,52.6,52.7,258687,13709087.25,,,,render_normalized,tasi_2026-07-01_2026-07-25_20260724T224740032444Z,94d585e940d3932814e16b2c2d9d8088a8133afb375bbf783cc9a920dc9f56a4
8230,2026-07-08,52.8,52.8,50.95,51.1,336427,17384829.05,,,,render_normalized,tasi_2026-07-01_2026-07-25_20260724T224740032444Z,94d585e940d3932814e16b2c2d9d8088a8133afb375bbf783cc9a920dc9f56a4
8230,2026-07-09,51.0,52.55,50.6,51.5,403216,20830569.55,,,,render_normalized,tasi_2026-07-01_2026-07-25_20260724T224740032444Z,94d585e940d3932814e16b2c2d9d8088a8133afb375bbf783cc9a920dc9f56a4
8230,2026-07-12,50.9,52.0,50.9,51.55,204543,10555319.65,,,,render_normalized,tasi_2026-07-01_2026-07-25_20260724T224740032444Z,94d585e940d3932814e16b2c2d9d8088a8133afb375bbf783cc9a920dc9f56a4
8230,2026-07-13,51.7,51.8,51.2,51.25,216928,11160420.9,,,,render_normalized,tasi_2026-07-01_2026-07-25_20260724T224740032444Z,94d585e940d3932814e16b2c2d9d8088a8133afb375bbf783cc9a920dc9f56a4
8230,2026-07-14,51.1,51.3,50.75,50.8,171833,8765725.05,,,,render_normalized,tasi_2026-07-01_2026-07-25_20260724T224740032444Z,94d585e940d3932814e16b2c2d9d8088a8133afb375bbf783cc9a920dc9f56a4
8230,2026-07-15,51.55,51.55,49.7,49.7,269757,13610688.27,,,,render_normalized,tasi_2026-07-01_2026-07-25_20260724T224740032444Z,94d585e940d3932814e16b2c2d9d8088a8133afb375bbf783cc9a920dc9f56a4
8230,2026-07-16,49.7,50.15,49.32,49.68,203851,10148610.92,,,,render_normalized,tasi_2026-07-01_2026-07-25_20260724T224740032444Z,94d585e940d3932814e16b2c2d9d8088a8133afb375bbf783cc9a920dc9f56a4
8230,2026-07-19,49.1,50.0,48.5,49.62,205423,10084806.0,,,,render_normalized,tasi_2026-07-01_2026-07-25_20260724T224740032444Z,94d585e940d3932814e16b2c2d9d8088a8133afb375bbf783cc9a920dc9f56a4
8230,2026-07-20,49.52,49.58,48.86,48.98,204647,10041858.02,,,,render_normalized,tasi_2026-07-01_2026-07-25_20260724T224740032444Z,94d585e940d3932814e16b2c2d9d8088a8133afb375bbf783cc9a920dc9f56a4
8230,2026-07-21,49.2,49.86,48.72,49.34,294220,14539944.4,,,,render_normalized,tasi_2026-07-01_2026-07-25_20260724T224740032444Z,94d585e940d3932814e16b2c2d9d8088a8133afb375bbf783cc9a920dc9f56a4
8230,2026-07-22,49.3,50.5,48.22,50.25,479196,23645649.0,,,,render_normalized,tasi_2026-07-01_2026-07-25_20260724T224740032444Z,94d585e940d3932814e16b2c2d9d8088a8133afb375bbf783cc9a920dc9f56a4
8230,2026-07-23,50.25,52.7,49.82,51.15,1019955,52522843.82,,,,render_normalized,tasi_2026-07-01_2026-07-25_20260724T224740032444Z,94d585e940d3932814e16b2c2d9d8088a8133afb375bbf783cc9a920dc9f56a4
8230,2026-07-26,51.25,53.0,51.25,52.6,479197,25165451.95,,,,render_normalized,tasi_2026-07-26_2026-07-26_20260726T153020799318Z,1399c61e8f7fe46fad0af17b0f849573aed0c13690e21df7605aa5855d1d51ae
8230,2026-07-27,52.5,52.5,50.55,50.65,611180,31290777.65,,,,render_normalized,tasi_2026-07-27_2026-07-27_20260727T153021805810Z,08e1cc329a03547ec4c23f2c91c1939d7f3b9ff851b637111c58a1c412e7a980
8230,2026-07-28,50.9,50.9,48.66,50.5,600553,29994221.6,,,,render_normalized,tasi_2026-07-28_2026-07-28_20260728T153021299306Z,81778e79668b6fab38ad71abd544b6abf663a6cbc4c72c97310bc6d5ec4e0335
8230,2026-07-29,50.45,50.45,49.02,49.2,334439,16493942.75,,,,render_normalized,tasi_2026-07-29_2026-07-29_20260729T153021317502Z,cfefe94f48b73159ae82df75463f4e3f4845d0dece465ad842aa061a0d350d8d
8230,2026-07-30,49.2,49.36,48.36,48.5,247972,12072477.22,,,,render_normalized,tasi_2026-07-30_2026-07-30_20260730T153023201204Z,289b5b91df42eedaba58013d4e726e69d9b729d08635fcf0e5525b016c8d4704
8240,2026-07-01,19.03,19.4,18.79,19.11,506986,9645988.78,,,,render_normalized,tasi_2026-07-01_2026-07-25_20260724T224740032444Z,94d585e940d3932814e16b2c2d9d8088a8133afb375bbf783cc9a920dc9f56a4
8240,2026-07-02,19.12,20.17,19.12,19.85,1095413,21743950.57,,,,render_normalized,tasi_2026-07-01_2026-07-25_20260724T224740032444Z,94d585e940d3932814e16b2c2d9d8088a8133afb375bbf783cc9a920dc9f56a4
8240,2026-07-05,19.9,19.99,19.16,19.22,405476,7880662.37,,,,render_normalized,tasi_2026-07-01_2026-07-25_20260724T224740032444Z,94d585e940d3932814e16b2c2d9d8088a8133afb375bbf783cc9a920dc9f56a4
8240,2026-07-06,19.22,19.22,18.72,18.81,299748,5667929.53,,,,render_normalized,tasi_2026-07-01_2026-07-25_20260724T224740032444Z,94d585e940d3932814e16b2c2d9d8088a8133afb375bbf783cc9a920dc9f56a4
8240,2026-07-07,18.8,19.07,18.77,18.84,247955,4695571.57,,,,render_normalized,tasi_2026-07-01_2026-07-25_20260724T224740032444Z,94d585e940d3932814e16b2c2d9d8088a8133afb375bbf783cc9a920dc9f56a4
8240,2026-07-08,18.82,18.98,18.4,18.48,257249,4799813.24,,,,render_normalized,tasi_2026-07-01_2026-07-25_20260724T224740032444Z,94d585e940d3932814e16b2c2d9d8088a8133afb375bbf783cc9a920dc9f56a4
8240,2026-07-09,18.48,18.64,18.31,18.5,115279,2133141.95,,,,render_normalized,tasi_2026-07-01_2026-07-25_20260724T224740032444Z,94d585e940d3932814e16b2c2d9d8088a8133afb375bbf783cc9a920dc9f56a4
8240,2026-07-12,18.88,18.96,18.6,18.76,201803,3788641.83,,,,render_normalized,tasi_2026-07-01_2026-07-25_20260724T224740032444Z,94d585e940d3932814e16b2c2d9d8088a8133afb375bbf783cc9a920dc9f56a4
8240,2026-07-13,18.8,19.06,18.62,18.7,320630,6017057.69,,,,render_normalized,tasi_2026-07-01_2026-07-25_20260724T224740032444Z,94d585e940d3932814e16b2c2d9d8088a8133afb375bbf783cc9a920dc9f56a4
8240,2026-07-14,18.75,18.85,18.46,18.58,213972,3989687.47,,,,render_normalized,tasi_2026-07-01_2026-07-25_20260724T224740032444Z,94d585e940d3932814e16b2c2d9d8088a8133afb375bbf783cc9a920dc9f56a4
8240,2026-07-15,18.7,18.76,18.14,18.2,173250,3194330.25,,,,render_normalized,tasi_2026-07-01_2026-07-25_20260724T224740032444Z,94d585e940d3932814e16b2c2d9d8088a8133afb375bbf783cc9a920dc9f56a4
8240,2026-07-16,18.15,18.19,17.79,17.86,284297,5093719.46,,,,render_normalized,tasi_2026-07-01_2026-07-25_20260724T224740032444Z,94d585e940d3932814e16b2c2d9d8088a8133afb375bbf783cc9a920dc9f56a4
8240,2026-07-19,17.79,17.89,17.5,17.61,122852,2170910.38,,,,render_normalized,tasi_2026-07-01_2026-07-25_20260724T224740032444Z,94d585e940d3932814e16b2c2d9d8088a8133afb375bbf783cc9a920dc9f56a4
8240,2026-07-20,17.61,17.78,17.51,17.59,76262,1344302.79,,,,render_normalized,tasi_2026-07-01_2026-07-25_20260724T224740032444Z,94d585e940d3932814e16b2c2d9d8088a8133afb375bbf783cc9a920dc9f56a4
8240,2026-07-21,17.69,17.75,17.5,17.51,141454,2492585.76,,,,render_normalized,tasi_2026-07-01_2026-07-25_20260724T224740032444Z,94d585e940d3932814e16b2c2d9d8088a8133afb375bbf783cc9a920dc9f56a4
8240,2026-07-22,17.53,17.69,17.33,17.4,111615,1956627.86,,,,render_normalized,tasi_2026-07-01_2026-07-25_20260724T224740032444Z,94d585e940d3932814e16b2c2d9d8088a8133afb375bbf783cc9a920dc9f56a4
8240,2026-07-23,17.69,17.69,17.33,17.42,100484,1751393.48,,,,render_normalized,tasi_2026-07-01_2026-07-25_20260724T224740032444Z,94d585e940d3932814e16b2c2d9d8088a8133afb375bbf783cc9a920dc9f56a4
8240,2026-07-26,17.9,18.14,17.57,17.58,270862,4816772.59,,,,render_normalized,tasi_2026-07-26_2026-07-26_20260726T153020799318Z,1399c61e8f7fe46fad0af17b0f849573aed0c13690e21df7605aa5855d1d51ae
8240,2026-07-27,17.77,17.77,17.36,17.47,153088,2679256.87,,,,render_normalized,tasi_2026-07-27_2026-07-27_20260727T153021805810Z,08e1cc329a03547ec4c23f2c91c1939d7f3b9ff851b637111c58a1c412e7a980
8240,2026-07-28,17.47,17.47,16.8,16.94,205720,3508283.85,,,,render_normalized,tasi_2026-07-28_2026-07-28_20260728T153021299306Z,81778e79668b6fab38ad71abd544b6abf663a6cbc4c72c97310bc6d5ec4e0335
8240,2026-07-29,17.0,17.0,16.42,16.45,244825,4051929.2,,,,render_normalized,tasi_2026-07-29_2026-07-29_20260729T153021317502Z,cfefe94f48b73159ae82df75463f4e3f4845d0dece465ad842aa061a0d350d8d
8240,2026-07-30,16.5,16.53,16.3,16.49,96803,1589683.29,,,,render_normalized,tasi_2026-07-30_2026-07-30_20260730T153023201204Z,289b5b91df42eedaba58013d4e726e69d9b729d08635fcf0e5525b016c8d4704
8250,2026-07-01,32.78,32.84,32.28,32.54,125798,4091811.54,,,,render_normalized,tasi_2026-07-01_2026-07-25_20260724T224740032444Z,94d585e940d3932814e16b2c2d9d8088a8133afb375bbf783cc9a920dc9f56a4
8250,2026-07-02,32.66,32.66,31.56,31.7,144358,4623156.22,,,,render_normalized,tasi_2026-07-01_2026-07-25_20260724T224740032444Z,94d585e940d3932814e16b2c2d9d8088a8133afb375bbf783cc9a920dc9f56a4
8250,2026-07-05,31.7,31.7,31.0,31.2,61547,1921367.68,,,,render_normalized,tasi_2026-07-01_2026-07-25_20260724T224740032444Z,94d585e940d3932814e16b2c2d9d8088a8133afb375bbf783cc9a920dc9f56a4
8250,2026-07-06,31.2,31.2,30.7,30.78,81630,2517281.86,,,,render_normalized,tasi_2026-07-01_2026-07-25_20260724T224740032444Z,94d585e940d3932814e16b2c2d9d8088a8133afb375bbf783cc9a920dc9f56a4
8250,2026-07-07,30.66,31.2,30.54,31.06,94538,2929703.24,,,,render_normalized,tasi_2026-07-01_2026-07-25_20260724T224740032444Z,94d585e940d3932814e16b2c2d9d8088a8133afb375bbf783cc9a920dc9f56a4
8250,2026-07-08,31.04,31.04,30.44,30.62,16545,506969.66,,,,render_normalized,tasi_2026-07-01_2026-07-25_20260724T224740032444Z,94d585e940d3932814e16b2c2d9d8088a8133afb375bbf783cc9a920dc9f56a4
8250,2026-07-09,30.38,30.92,30.34,30.7,42714,1312326.6,,,,render_normalized,tasi_2026-07-01_2026-07-25_20260724T224740032444Z,94d585e940d3932814e16b2c2d9d8088a8133afb375bbf783cc9a920dc9f56a4
8250,2026-07-12,30.34,30.88,30.34,30.36,15053,461848.28,,,,render_normalized,tasi_2026-07-01_2026-07-25_20260724T224740032444Z,94d585e940d3932814e16b2c2d9d8088a8133afb375bbf783cc9a920dc9f56a4
8250,2026-07-13,30.46,30.82,30.0,30.72,32913,1001840.56,,,,render_normalized,tasi_2026-07-01_2026-07-25_20260724T224740032444Z,94d585e940d3932814e16b2c2d9d8088a8133afb375bbf783cc9a920dc9f56a4
8250,2026-07-14,30.8,31.0,30.14,30.7,78848,2419472.68,,,,render_normalized,tasi_2026-07-01_2026-07-25_20260724T224740032444Z,94d585e940d3932814e16b2c2d9d8088a8133afb375bbf783cc9a920dc9f56a4
8250,2026-07-15,30.54,31.34,30.54,31.24,113945,3532830.32,,,,render_normalized,tasi_2026-07-01_2026-07-25_20260724T224740032444Z,94d585e940d3932814e16b2c2d9d8088a8133afb375bbf783cc9a920dc9f56a4
8250,2026-07-16,31.5,31.5,30.76,30.76,66027,2050097.22,,,,render_normalized,tasi_2026-07-01_2026-07-25_20260724T224740032444Z,94d585e940d3932814e16b2c2d9d8088a8133afb375bbf783cc9a920dc9f56a4
8250,2026-07-19,30.88,31.12,30.5,31.12,20090,620462.18,,,,render_normalized,tasi_2026-07-01_2026-07-25_20260724T224740032444Z,94d585e940d3932814e16b2c2d9d8088a8133afb375bbf783cc9a920dc9f56a4
8250,2026-07-20,31.24,32.1,31.18,32.1,206497,6589730.1,,,,render_normalized,tasi_2026-07-01_2026-07-25_20260724T224740032444Z,94d585e940d3932814e16b2c2d9d8088a8133afb375bbf783cc9a920dc9f56a4
8250,2026-07-21,32.2,34.44,32.18,34.0,586838,19840623.08,,,,render_normalized,tasi_2026-07-01_2026-07-25_20260724T224740032444Z,94d585e940d3932814e16b2c2d9d8088a8133afb375bbf783cc9a920dc9f56a4
8250,2026-07-22,33.72,34.42,33.72,34.08,359673,12251508.92,,,,render_normalized,tasi_2026-07-01_2026-07-25_20260724T224740032444Z,94d585e940d3932814e16b2c2d9d8088a8133afb375bbf783cc9a920dc9f56a4
8250,2026-07-23,34.0,34.74,33.62,34.0,382149,13059119.3,,,,render_normalized,tasi_2026-07-01_2026-07-25_20260724T224740032444Z,94d585e940d3932814e16b2c2d9d8088a8133afb375bbf783cc9a920dc9f56a4
8250,2026-07-26,34.0,34.5,33.84,34.36,222566,7620394.7,,,,render_normalized,tasi_2026-07-26_2026-07-26_20260726T153020799318Z,1399c61e8f7fe46fad0af17b0f849573aed0c13690e21df7605aa5855d1d51ae
8250,2026-07-27,34.4,34.5,33.8,34.4,234345,8028778.4,,,,render_normalized,tasi_2026-07-27_2026-07-27_20260727T153021805810Z,08e1cc329a03547ec4c23f2c91c1939d7f3b9ff851b637111c58a1c412e7a980
8250,2026-07-28,34.48,34.56,33.0,33.26,228171,7723692.18,,,,render_normalized,tasi_2026-07-28_2026-07-28_20260728T153021299306Z,81778e79668b6fab38ad71abd544b6abf663a6cbc4c72c97310bc6d5ec4e0335
8250,2026-07-29,33.0,33.1,31.94,32.1,192618,6237182.12,,,,render_normalized,tasi_2026-07-29_2026-07-29_20260729T153021317502Z,cfefe94f48b73159ae82df75463f4e3f4845d0dece465ad842aa061a0d350d8d
8250,2026-07-30,32.0,32.36,31.28,31.84,167614,5335283.74,,,,render_normalized,tasi_2026-07-30_2026-07-30_20260730T153023201204Z,289b5b91df42eedaba58013d4e726e69d9b729d08635fcf0e5525b016c8d4704
8260,2026-07-01,3.99,4.05,3.92,4.03,410767,1637207.06,,,,render_normalized,tasi_2026-07-01_2026-07-25_20260724T224740032444Z,94d585e940d3932814e16b2c2d9d8088a8133afb375bbf783cc9a920dc9f56a4
8260,2026-07-02,4.04,4.13,4.0,4.07,371168,1513374.46,,,,render_normalized,tasi_2026-07-01_2026-07-25_20260724T224740032444Z,94d585e940d3932814e16b2c2d9d8088a8133afb375bbf783cc9a920dc9f56a4
8260,2026-07-05,4.07,4.2,4.05,4.18,279918,1151370.69,,,,render_normalized,tasi_2026-07-01_2026-07-25_20260724T224740032444Z,94d585e940d3932814e16b2c2d9d8088a8133afb375bbf783cc9a920dc9f56a4
8260,2026-07-06,4.12,4.16,3.99,4.0,328428,1325439.42,,,,render_normalized,tasi_2026-07-01_2026-07-25_20260724T224740032444Z,94d585e940d3932814e16b2c2d9d8088a8133afb375bbf783cc9a920dc9f56a4
8260,2026-07-07,3.98,4.08,3.95,3.95,146867,587580.14,,,,render_normalized,tasi_2026-07-01_2026-07-25_20260724T224740032444Z,94d585e940d3932814e16b2c2d9d8088a8133afb375bbf783cc9a920dc9f56a4
8260,2026-07-08,3.96,3.96,3.84,3.85,203329,788951.41,,,,render_normalized,tasi_2026-07-01_2026-07-25_20260724T224740032444Z,94d585e940d3932814e16b2c2d9d8088a8133afb375bbf783cc9a920dc9f56a4
8260,2026-07-09,3.87,3.94,3.84,3.89,137527,534674.7,,,,render_normalized,tasi_2026-07-01_2026-07-25_20260724T224740032444Z,94d585e940d3932814e16b2c2d9d8088a8133afb375bbf783cc9a920dc9f56a4
8260,2026-07-12,3.93,3.98,3.9,3.91,86965,342233.69,,,,render_normalized,tasi_2026-07-01_2026-07-25_20260724T224740032444Z,94d585e940d3932814e16b2c2d9d8088a8133afb375bbf783cc9a920dc9f56a4
8260,2026-07-13,3.94,4.01,3.92,3.99,149221,592196.76,,,,render_normalized,tasi_2026-07-01_2026-07-25_20260724T224740032444Z,94d585e940d3932814e16b2c2d9d8088a8133afb375bbf783cc9a920dc9f56a4
8260,2026-07-14,4.01,4.08,3.94,3.94,195875,782023.86,,,,render_normalized,tasi_2026-07-01_2026-07-25_20260724T224740032444Z,94d585e940d3932814e16b2c2d9d8088a8133afb375bbf783cc9a920dc9f56a4
8260,2026-07-15,3.89,4.0,3.87,3.9,159265,624355.14,,,,render_normalized,tasi_2026-07-01_2026-07-25_20260724T224740032444Z,94d585e940d3932814e16b2c2d9d8088a8133afb375bbf783cc9a920dc9f56a4
8260,2026-07-16,3.9,3.91,3.84,3.87,132964,512983.83,,,,render_normalized,tasi_2026-07-01_2026-07-25_20260724T224740032444Z,94d585e940d3932814e16b2c2d9d8088a8133afb375bbf783cc9a920dc9f56a4
8260,2026-07-19,3.88,3.89,3.8,3.87,128597,495025.67,,,,render_normalized,tasi_2026-07-01_2026-07-25_20260724T224740032444Z,94d585e940d3932814e16b2c2d9d8088a8133afb375bbf783cc9a920dc9f56a4
8260,2026-07-20,3.83,3.9,3.79,3.81,96994,370766.91,,,,render_normalized,tasi_2026-07-01_2026-07-25_20260724T224740032444Z,94d585e940d3932814e16b2c2d9d8088a8133afb375bbf783cc9a920dc9f56a4
8260,2026-07-21,3.84,3.86,3.76,3.78,363237,1383399.35,,,,render_normalized,tasi_2026-07-01_2026-07-25_20260724T224740032444Z,94d585e940d3932814e16b2c2d9d8088a8133afb375bbf783cc9a920dc9f56a4
8260,2026-07-22,3.78,3.82,3.75,3.8,154096,583275.54,,,,render_normalized,tasi_2026-07-01_2026-07-25_20260724T224740032444Z,94d585e940d3932814e16b2c2d9d8088a8133afb375bbf783cc9a920dc9f56a4
8260,2026-07-23,3.8,3.85,3.77,3.8,213157,809836.69,,,,render_normalized,tasi_2026-07-01_2026-07-25_20260724T224740032444Z,94d585e940d3932814e16b2c2d9d8088a8133afb375bbf783cc9a920dc9f56a4
8260,2026-07-26,3.8,3.85,3.75,3.75,144031,544453.23,,,,render_normalized,tasi_2026-07-26_2026-07-26_20260726T153020799318Z,1399c61e8f7fe46fad0af17b0f849573aed0c13690e21df7605aa5855d1d51ae
8260,2026-07-27,3.72,3.84,3.72,3.77,312086,1175889.01,,,,render_normalized,tasi_2026-07-27_2026-07-27_20260727T153021805810Z,08e1cc329a03547ec4c23f2c91c1939d7f3b9ff851b637111c58a1c412e7a980
8260,2026-07-28,3.77,3.78,3.7,3.71,112862,419452.97,,,,render_normalized,tasi_2026-07-28_2026-07-28_20260728T153021299306Z,81778e79668b6fab38ad71abd544b6abf663a6cbc4c72c97310bc6d5ec4e0335
8260,2026-07-29,3.73,3.73,3.64,3.65,133712,491294.17,,,,render_normalized,tasi_2026-07-29_2026-07-29_20260729T153021317502Z,cfefe94f48b73159ae82df75463f4e3f4845d0dece465ad842aa061a0d350d8d
8260,2026-07-30,3.67,3.74,3.65,3.66,172418,634656.77,,,,render_normalized,tasi_2026-07-30_2026-07-30_20260730T153023201204Z,289b5b91df42eedaba58013d4e726e69d9b729d08635fcf0e5525b016c8d4704
8280,2026-07-01,12.75,13.3,12.43,12.99,332425,4243412.93,,,,render_normalized,tasi_2026-07-01_2026-07-25_20260724T224740032444Z,94d585e940d3932814e16b2c2d9d8088a8133afb375bbf783cc9a920dc9f56a4
8280,2026-07-02,12.9,14.26,12.75,13.96,1461202,19922725.69,,,,render_normalized,tasi_2026-07-01_2026-07-25_20260724T224740032444Z,94d585e940d3932814e16b2c2d9d8088a8133afb375bbf783cc9a920dc9f56a4
8280,2026-07-05,13.73,14.0,13.67,14.0,245110,3383624.53,,,,render_normalized,tasi_2026-07-01_2026-07-25_20260724T224740032444Z,94d585e940d3932814e16b2c2d9d8088a8133afb375bbf783cc9a920dc9f56a4
8280,2026-07-06,13.91,13.91,13.4,13.48,211517,2859614.14,,,,render_normalized,tasi_2026-07-01_2026-07-25_20260724T224740032444Z,94d585e940d3932814e16b2c2d9d8088a8133afb375bbf783cc9a920dc9f56a4
8280,2026-07-07,13.58,13.66,13.34,13.5,145101,1952526.16,,,,render_normalized,tasi_2026-07-01_2026-07-25_20260724T224740032444Z,94d585e940d3932814e16b2c2d9d8088a8133afb375bbf783cc9a920dc9f56a4
8280,2026-07-08,13.34,13.43,12.97,13.2,94540,1246214.96,,,,render_normalized,tasi_2026-07-01_2026-07-25_20260724T224740032444Z,94d585e940d3932814e16b2c2d9d8088a8133afb375bbf783cc9a920dc9f56a4
8280,2026-07-09,12.96,14.0,12.82,13.29,552939,7441050.93,,,,render_normalized,tasi_2026-07-01_2026-07-25_20260724T224740032444Z,94d585e940d3932814e16b2c2d9d8088a8133afb375bbf783cc9a920dc9f56a4
8280,2026-07-12,13.25,14.61,13.2,14.61,757463,10799587.08,,,,render_normalized,tasi_2026-07-01_2026-07-25_20260724T224740032444Z,94d585e940d3932814e16b2c2d9d8088a8133afb375bbf783cc9a920dc9f56a4
8280,2026-07-13,14.88,16.07,14.32,15.15,1977914,30467055.38,,,,render_normalized,tasi_2026-07-01_2026-07-25_20260724T224740032444Z,94d585e940d3932814e16b2c2d9d8088a8133afb375bbf783cc9a920dc9f56a4
8280,2026-07-14,15.15,16.36,14.9,15.84,1220452,19200146.06,,,,render_normalized,tasi_2026-07-01_2026-07-25_20260724T224740032444Z,94d585e940d3932814e16b2c2d9d8088a8133afb375bbf783cc9a920dc9f56a4
8280,2026-07-15,16.0,16.4,15.3,15.44,630386,9993870.68,,,,render_normalized,tasi_2026-07-01_2026-07-25_20260724T224740032444Z,94d585e940d3932814e16b2c2d9d8088a8133afb375bbf783cc9a920dc9f56a4
8280,2026-07-16,15.52,15.98,14.75,14.88,1176121,17873352.78,,,,render_normalized,tasi_2026-07-01_2026-07-25_20260724T224740032444Z,94d585e940d3932814e16b2c2d9d8088a8133afb375bbf783cc9a920dc9f56a4
8280,2026-07-19,14.56,15.44,14.56,14.99,545183,8201344.83,,,,render_normalized,tasi_2026-07-01_2026-07-25_20260724T224740032444Z,94d585e940d3932814e16b2c2d9d8088a8133afb375bbf783cc9a920dc9f56a4
8280,2026-07-20,14.9,14.98,14.57,14.64,226820,3355084.53,,,,render_normalized,tasi_2026-07-01_2026-07-25_20260724T224740032444Z,94d585e940d3932814e16b2c2d9d8088a8133afb375bbf783cc9a920dc9f56a4
8280,2026-07-21,14.4,15.94,13.51,15.17,2234452,32596680.21,,,,render_normalized,tasi_2026-07-01_2026-07-25_20260724T224740032444Z,94d585e940d3932814e16b2c2d9d8088a8133afb375bbf783cc9a920dc9f56a4
8280,2026-07-22,15.3,16.19,14.9,15.13,1637274,25401496.85,,,,render_normalized,tasi_2026-07-01_2026-07-25_20260724T224740032444Z,94d585e940d3932814e16b2c2d9d8088a8133afb375bbf783cc9a920dc9f56a4
8280,2026-07-23,15.0,16.08,14.9,15.2,1109918,17104261.49,,,,render_normalized,tasi_2026-07-01_2026-07-25_20260724T224740032444Z,94d585e940d3932814e16b2c2d9d8088a8133afb375bbf783cc9a920dc9f56a4
8280,2026-07-26,15.4,15.65,15.18,15.21,646657,9920369.74,,,,render_normalized,tasi_2026-07-26_2026-07-26_20260726T153020799318Z,1399c61e8f7fe46fad0af17b0f849573aed0c13690e21df7605aa5855d1d51ae
8280,2026-07-27,15.01,15.58,15.01,15.23,718912,10950628.92,,,,render_normalized,tasi_2026-07-27_2026-07-27_20260727T153021805810Z,08e1cc329a03547ec4c23f2c91c1939d7f3b9ff851b637111c58a1c412e7a980
8280,2026-07-28,15.2,15.32,14.6,14.67,253766,3816550.75,,,,render_normalized,tasi_2026-07-28_2026-07-28_20260728T153021299306Z,81778e79668b6fab38ad71abd544b6abf663a6cbc4c72c97310bc6d5ec4e0335
8280,2026-07-29,14.8,14.85,14.37,14.55,232964,3394534.62,,,,render_normalized,tasi_2026-07-29_2026-07-29_20260729T153021317502Z,cfefe94f48b73159ae82df75463f4e3f4845d0dece465ad842aa061a0d350d8d
8280,2026-07-30,14.68,14.68,14.0,14.0,255187,3638554.74,,,,render_normalized,tasi_2026-07-30_2026-07-30_20260730T153023201204Z,289b5b91df42eedaba58013d4e726e69d9b729d08635fcf0e5525b016c8d4704
8300,2026-07-01,13.59,13.59,13.32,13.48,286812,3856398.25,,,,render_normalized,tasi_2026-07-01_2026-07-25_20260724T224740032444Z,94d585e940d3932814e16b2c2d9d8088a8133afb375bbf783cc9a920dc9f56a4
8300,2026-07-02,13.44,13.98,13.41,13.73,897178,12304906.89,,,,render_normalized,tasi_2026-07-01_2026-07-25_20260724T224740032444Z,94d585e940d3932814e16b2c2d9d8088a8133afb375bbf783cc9a920dc9f56a4
8300,2026-07-05,13.78,13.94,13.53,13.54,220917,3024508.84,,,,render_normalized,tasi_2026-07-01_2026-07-25_20260724T224740032444Z,94d585e940d3932814e16b2c2d9d8088a8133afb375bbf783cc9a920dc9f56a4
8300,2026-07-06,13.54,13.54,13.24,13.25,253145,3385545.11,,,,render_normalized,tasi_2026-07-01_2026-07-25_20260724T224740032444Z,94d585e940d3932814e16b2c2d9d8088a8133afb375bbf783cc9a920dc9f56a4
8300,2026-07-07,13.25,13.38,13.02,13.04,305221,4023884.65,,,,render_normalized,tasi_2026-07-01_2026-07-25_20260724T224740032444Z,94d585e940d3932814e16b2c2d9d8088a8133afb375bbf783cc9a920dc9f56a4
8300,2026-07-08,13.0,13.0,12.7,12.87,482565,6192064.47,,,,render_normalized,tasi_2026-07-01_2026-07-25_20260724T224740032444Z,94d585e940d3932814e16b2c2d9d8088a8133afb375bbf783cc9a920dc9f56a4
8300,2026-07-09,12.63,12.9,12.63,12.8,263746,3372101.66,,,,render_normalized,tasi_2026-07-01_2026-07-25_20260724T224740032444Z,94d585e940d3932814e16b2c2d9d8088a8133afb375bbf783cc9a920dc9f56a4
8300,2026-07-12,12.76,13.09,12.76,13.07,249095,3231394.63,,,,render_normalized,tasi_2026-07-01_2026-07-25_20260724T224740032444Z,94d585e940d3932814e16b2c2d9d8088a8133afb375bbf783cc9a920dc9f56a4
8300,2026-07-13,13.17,13.82,13.06,13.28,690019,9263392.85,,,,render_normalized,tasi_2026-07-01_2026-07-25_20260724T224740032444Z,94d585e940d3932814e16b2c2d9d8088a8133afb375bbf783cc9a920dc9f56a4
8300,2026-07-14,13.27,13.48,13.12,13.15,287328,3811301.32,,,,render_normalized,tasi_2026-07-01_2026-07-25_20260724T224740032444Z,94d585e940d3932814e16b2c2d9d8088a8133afb375bbf783cc9a920dc9f56a4
8300,2026-07-15,13.05,13.25,13.0,13.07,169259,2218715.04,,,,render_normalized,tasi_2026-07-01_2026-07-25_20260724T224740032444Z,94d585e940d3932814e16b2c2d9d8088a8133afb375bbf783cc9a920dc9f56a4
8300,2026-07-16,13.14,13.18,12.9,12.98,177036,2297704.33,,,,render_normalized,tasi_2026-07-01_2026-07-25_20260724T224740032444Z,94d585e940d3932814e16b2c2d9d8088a8133afb375bbf783cc9a920dc9f56a4
8300,2026-07-19,12.98,12.98,12.7,12.72,240305,3071414.23,,,,render_normalized,tasi_2026-07-01_2026-07-25_20260724T224740032444Z,94d585e940d3932814e16b2c2d9d8088a8133afb375bbf783cc9a920dc9f56a4
8300,2026-07-20,12.65,12.79,12.6,12.6,113543,1436867.49,,,,render_normalized,tasi_2026-07-01_2026-07-25_20260724T224740032444Z,94d585e940d3932814e16b2c2d9d8088a8133afb375bbf783cc9a920dc9f56a4
8300,2026-07-21,12.52,12.7,12.5,12.54,262215,3300030.4,,,,render_normalized,tasi_2026-07-01_2026-07-25_20260724T224740032444Z,94d585e940d3932814e16b2c2d9d8088a8133afb375bbf783cc9a920dc9f56a4
8300,2026-07-22,12.54,13.16,12.54,12.77,501296,6462745.5,,,,render_normalized,tasi_2026-07-01_2026-07-25_20260724T224740032444Z,94d585e940d3932814e16b2c2d9d8088a8133afb375bbf783cc9a920dc9f56a4
8300,2026-07-23,12.98,12.98,12.53,12.54,296075,3744442.45,,,,render_normalized,tasi_2026-07-01_2026-07-25_20260724T224740032444Z,94d585e940d3932814e16b2c2d9d8088a8133afb375bbf783cc9a920dc9f56a4
8300,2026-07-26,12.56,12.65,12.42,12.55,211361,2647926.71,,,,render_normalized,tasi_2026-07-26_2026-07-26_20260726T153020799318Z,1399c61e8f7fe46fad0af17b0f849573aed0c13690e21df7605aa5855d1d51ae
8300,2026-07-27,12.49,12.6,12.28,12.29,360740,4478441.69,,,,render_normalized,tasi_2026-07-27_2026-07-27_20260727T153021805810Z,08e1cc329a03547ec4c23f2c91c1939d7f3b9ff851b637111c58a1c412e7a980
8300,2026-07-28,12.32,12.32,11.88,11.89,425379,5106641.08,,,,render_normalized,tasi_2026-07-28_2026-07-28_20260728T153021299306Z,81778e79668b6fab38ad71abd544b6abf663a6cbc4c72c97310bc6d5ec4e0335
8300,2026-07-29,11.89,11.95,11.4,11.48,353977,4089728.54,,,,render_normalized,tasi_2026-07-29_2026-07-29_20260729T153021317502Z,cfefe94f48b73159ae82df75463f4e3f4845d0dece465ad842aa061a0d350d8d
8300,2026-07-30,11.56,11.56,11.16,11.2,375715,4260954.03,,,,render_normalized,tasi_2026-07-30_2026-07-30_20260730T153023201204Z,289b5b91df42eedaba58013d4e726e69d9b729d08635fcf0e5525b016c8d4704
8310,2026-07-01,7.5,8.17,7.38,8.17,2557946,20073549.68,,,,render_normalized,tasi_2026-07-01_2026-07-25_20260724T224740032444Z,94d585e940d3932814e16b2c2d9d8088a8133afb375bbf783cc9a920dc9f56a4
8310,2026-07-02,8.4,8.8,8.2,8.25,2394904,20496455.44,,,,render_normalized,tasi_2026-07-01_2026-07-25_20260724T224740032444Z,94d585e940d3932814e16b2c2d9d8088a8133afb375bbf783cc9a920dc9f56a4
8310,2026-07-05,8.2,8.49,8.0,8.0,643119,5277767.96,,,,render_normalized,tasi_2026-07-01_2026-07-25_20260724T224740032444Z,94d585e940d3932814e16b2c2d9d8088a8133afb375bbf783cc9a920dc9f56a4
8310,2026-07-06,8.01,8.2,7.83,7.96,736937,5889338.39,,,,render_normalized,tasi_2026-07-01_2026-07-25_20260724T224740032444Z,94d585e940d3932814e16b2c2d9d8088a8133afb375bbf783cc9a920dc9f56a4
8310,2026-07-07,8.01,8.42,7.82,7.88,1325623,10670933.31,,,,render_normalized,tasi_2026-07-01_2026-07-25_20260724T224740032444Z,94d585e940d3932814e16b2c2d9d8088a8133afb375bbf783cc9a920dc9f56a4
8310,2026-07-08,7.93,8.0,7.42,7.42,709055,5422663.05,,,,render_normalized,tasi_2026-07-01_2026-07-25_20260724T224740032444Z,94d585e940d3932814e16b2c2d9d8088a8133afb375bbf783cc9a920dc9f56a4
8310,2026-07-09,7.44,7.49,7.35,7.38,421382,3125347.62,,,,render_normalized,tasi_2026-07-01_2026-07-25_20260724T224740032444Z,94d585e940d3932814e16b2c2d9d8088a8133afb375bbf783cc9a920dc9f56a4
8310,2026-07-12,7.38,7.83,7.35,7.7,777745,5956491.51,,,,render_normalized,tasi_2026-07-01_2026-07-25_20260724T224740032444Z,94d585e940d3932814e16b2c2d9d8088a8133afb375bbf783cc9a920dc9f56a4
8310,2026-07-13,7.64,7.74,7.5,7.54,339909,2586085.76,,,,render_normalized,tasi_2026-07-01_2026-07-25_20260724T224740032444Z,94d585e940d3932814e16b2c2d9d8088a8133afb375bbf783cc9a920dc9f56a4
8310,2026-07-14,7.54,7.76,7.37,7.4,548053,4121671.91,,,,render_normalized,tasi_2026-07-01_2026-07-25_20260724T224740032444Z,94d585e940d3932814e16b2c2d9d8088a8133afb375bbf783cc9a920dc9f56a4
8310,2026-07-15,7.44,7.44,7.21,7.21,361769,2648690.1,,,,render_normalized,tasi_2026-07-01_2026-07-25_20260724T224740032444Z,94d585e940d3932814e16b2c2d9d8088a8133afb375bbf783cc9a920dc9f56a4
8310,2026-07-16,7.22,7.28,7.1,7.13,299736,2151874.77,,,,render_normalized,tasi_2026-07-01_2026-07-25_20260724T224740032444Z,94d585e940d3932814e16b2c2d9d8088a8133afb375bbf783cc9a920dc9f56a4
8310,2026-07-19,7.13,7.42,7.08,7.2,487494,3525935.06,,,,render_normalized,tasi_2026-07-01_2026-07-25_20260724T224740032444Z,94d585e940d3932814e16b2c2d9d8088a8133afb375bbf783cc9a920dc9f56a4
8310,2026-07-20,7.42,7.45,7.15,7.15,801565,5856285.73,,,,render_normalized,tasi_2026-07-01_2026-07-25_20260724T224740032444Z,94d585e940d3932814e16b2c2d9d8088a8133afb375bbf783cc9a920dc9f56a4
8310,2026-07-21,7.21,7.3,6.96,6.96,536988,3808691.81,,,,render_normalized,tasi_2026-07-01_2026-07-25_20260724T224740032444Z,94d585e940d3932814e16b2c2d9d8088a8133afb375bbf783cc9a920dc9f56a4
8310,2026-07-22,6.94,7.16,6.88,6.89,532237,3718974.23,,,,render_normalized,tasi_2026-07-01_2026-07-25_20260724T224740032444Z,94d585e940d3932814e16b2c2d9d8088a8133afb375bbf783cc9a920dc9f56a4
8310,2026-07-23,6.9,7.08,6.88,6.97,433129,3026289.97,,,,render_normalized,tasi_2026-07-01_2026-07-25_20260724T224740032444Z,94d585e940d3932814e16b2c2d9d8088a8133afb375bbf783cc9a920dc9f56a4
8310,2026-07-26,6.98,7.0,6.9,6.95,243776,1693929.3,,,,render_normalized,tasi_2026-07-26_2026-07-26_20260726T153020799318Z,1399c61e8f7fe46fad0af17b0f849573aed0c13690e21df7605aa5855d1d51ae
8310,2026-07-27,6.99,7.15,6.96,7.03,489829,3459817.39,,,,render_normalized,tasi_2026-07-27_2026-07-27_20260727T153021805810Z,08e1cc329a03547ec4c23f2c91c1939d7f3b9ff851b637111c58a1c412e7a980
8310,2026-07-28,7.1,7.2,6.95,7.01,776440,5487468.05,,,,render_normalized,tasi_2026-07-28_2026-07-28_20260728T153021299306Z,81778e79668b6fab38ad71abd544b6abf663a6cbc4c72c97310bc6d5ec4e0335
8310,2026-07-29,7.04,7.09,6.77,6.84,622416,4269851.01,,,,render_normalized,tasi_2026-07-29_2026-07-29_20260729T153021317502Z,cfefe94f48b73159ae82df75463f4e3f4845d0dece465ad842aa061a0d350d8d
8310,2026-07-30,6.85,6.88,6.74,6.78,217284,1476337.35,,,,render_normalized,tasi_2026-07-30_2026-07-30_20260730T153023201204Z,289b5b91df42eedaba58013d4e726e69d9b729d08635fcf0e5525b016c8d4704
8311,2026-07-01,11.5,11.79,11.19,11.6,1104467,12718995.98,,,,render_normalized,tasi_2026-07-01_2026-07-25_20260724T224740032444Z,94d585e940d3932814e16b2c2d9d8088a8133afb375bbf783cc9a920dc9f56a4
8311,2026-07-02,11.6,11.93,11.16,11.17,847049,9788553.44,,,,render_normalized,tasi_2026-07-01_2026-07-25_20260724T224740032444Z,94d585e940d3932814e16b2c2d9d8088a8133afb375bbf783cc9a920dc9f56a4
8311,2026-07-05,11.17,11.25,11.04,11.06,269431,2995436.33,,,,render_normalized,tasi_2026-07-01_2026-07-25_20260724T224740032444Z,94d585e940d3932814e16b2c2d9d8088a8133afb375bbf783cc9a920dc9f56a4
8311,2026-07-06,11.19,11.19,10.9,10.91,194328,2139897.56,,,,render_normalized,tasi_2026-07-01_2026-07-25_20260724T224740032444Z,94d585e940d3932814e16b2c2d9d8088a8133afb375bbf783cc9a920dc9f56a4
8311,2026-07-07,10.9,11.54,10.85,10.95,1640997,18316981.98,,,,render_normalized,tasi_2026-07-01_2026-07-25_20260724T224740032444Z,94d585e940d3932814e16b2c2d9d8088a8133afb375bbf783cc9a920dc9f56a4
8311,2026-07-08,10.95,10.95,9.86,9.86,953205,9742555.24,,,,render_normalized,tasi_2026-07-01_2026-07-25_20260724T224740032444Z,94d585e940d3932814e16b2c2d9d8088a8133afb375bbf783cc9a920dc9f56a4
8311,2026-07-09,9.33,9.72,9.3,9.4,800746,7607734.71,,,,render_normalized,tasi_2026-07-01_2026-07-25_20260724T224740032444Z,94d585e940d3932814e16b2c2d9d8088a8133afb375bbf783cc9a920dc9f56a4
8311,2026-07-12,9.37,9.94,9.12,9.12,896486,8465820.84,,,,render_normalized,tasi_2026-07-01_2026-07-25_20260724T224740032444Z,94d585e940d3932814e16b2c2d9d8088a8133afb375bbf783cc9a920dc9f56a4
8311,2026-07-13,9.04,9.12,8.65,8.81,1418003,12498508.19,,,,render_normalized,tasi_2026-07-01_2026-07-25_20260724T224740032444Z,94d585e940d3932814e16b2c2d9d8088a8133afb375bbf783cc9a920dc9f56a4
8311,2026-07-14,8.94,9.28,8.71,8.79,1227667,11005341.42,,,,render_normalized,tasi_2026-07-01_2026-07-25_20260724T224740032444Z,94d585e940d3932814e16b2c2d9d8088a8133afb375bbf783cc9a920dc9f56a4
8311,2026-07-15,8.82,8.84,8.58,8.6,415758,3618840.45,,,,render_normalized,tasi_2026-07-01_2026-07-25_20260724T224740032444Z,94d585e940d3932814e16b2c2d9d8088a8133afb375bbf783cc9a920dc9f56a4
8311,2026-07-16,8.61,8.79,8.55,8.7,384713,3340925.84,,,,render_normalized,tasi_2026-07-01_2026-07-25_20260724T224740032444Z,94d585e940d3932814e16b2c2d9d8088a8133afb375bbf783cc9a920dc9f56a4
8311,2026-07-19,8.73,9.5,8.5,9.3,1032274,9261576.04,,,,render_normalized,tasi_2026-07-01_2026-07-25_20260724T224740032444Z,94d585e940d3932814e16b2c2d9d8088a8133afb375bbf783cc9a920dc9f56a4
8311,2026-07-20,9.33,9.84,9.2,9.49,2113084,20231983.89,,,,render_normalized,tasi_2026-07-01_2026-07-25_20260724T224740032444Z,94d585e940d3932814e16b2c2d9d8088a8133afb375bbf783cc9a920dc9f56a4
8311,2026-07-21,9.6,9.72,8.81,8.96,1041744,9509434.73,,,,render_normalized,tasi_2026-07-01_2026-07-25_20260724T224740032444Z,94d585e940d3932814e16b2c2d9d8088a8133afb375bbf783cc9a920dc9f56a4
8311,2026-07-22,9.0,9.2,8.92,8.95,469424,4243939.66,,,,render_normalized,tasi_2026-07-01_2026-07-25_20260724T224740032444Z,94d585e940d3932814e16b2c2d9d8088a8133afb375bbf783cc9a920dc9f56a4
8311,2026-07-23,8.96,9.65,8.92,9.27,992048,9245657.49,,,,render_normalized,tasi_2026-07-01_2026-07-25_20260724T224740032444Z,94d585e940d3932814e16b2c2d9d8088a8133afb375bbf783cc9a920dc9f56a4
8311,2026-07-26,9.35,9.57,9.24,9.39,529321,4960292.64,,,,render_normalized,tasi_2026-07-26_2026-07-26_20260726T153020799318Z,1399c61e8f7fe46fad0af17b0f849573aed0c13690e21df7605aa5855d1d51ae
8311,2026-07-27,9.5,9.9,9.4,9.8,964764,9386298.21,,,,render_normalized,tasi_2026-07-27_2026-07-27_20260727T153021805810Z,08e1cc329a03547ec4c23f2c91c1939d7f3b9ff851b637111c58a1c412e7a980
8311,2026-07-28,9.81,10.6,9.67,10.27,1107458,11315093.05,,,,render_normalized,tasi_2026-07-28_2026-07-28_20260728T153021299306Z,81778e79668b6fab38ad71abd544b6abf663a6cbc4c72c97310bc6d5ec4e0335
8311,2026-07-29,10.19,10.23,9.8,9.86,710100,7075014.96,,,,render_normalized,tasi_2026-07-29_2026-07-29_20260729T153021317502Z,cfefe94f48b73159ae82df75463f4e3f4845d0dece465ad842aa061a0d350d8d
8311,2026-07-30,10.13,10.13,9.6,9.6,400446,3901506.39,,,,render_normalized,tasi_2026-07-30_2026-07-30_20260730T153023201204Z,289b5b91df42eedaba58013d4e726e69d9b729d08635fcf0e5525b016c8d4704
8313,2026-07-01,153.1,156.8,152.8,153.5,1874095,267489005.3,,,,render_normalized,tasi_2026-07-01_2026-07-25_20260724T224740032444Z,94d585e940d3932814e16b2c2d9d8088a8133afb375bbf783cc9a920dc9f56a4
8313,2026-07-02,153.0,153.0,146.3,148.0,2085734,303275638.8,,,,render_normalized,tasi_2026-07-01_2026-07-25_20260724T224740032444Z,94d585e940d3932814e16b2c2d9d8088a8133afb375bbf783cc9a920dc9f56a4
8313,2026-07-05,147.0,147.9,144.2,147.5,824801,117493544.8,,,,render_normalized,tasi_2026-07-01_2026-07-25_20260724T224740032444Z,94d585e940d3932814e16b2c2d9d8088a8133afb375bbf783cc9a920dc9f56a4
8313,2026-07-06,147.5,152.5,146.5,150.6,943396,138829450.1,,,,render_normalized,tasi_2026-07-01_2026-07-25_20260724T224740032444Z,94d585e940d3932814e16b2c2d9d8088a8133afb375bbf783cc9a920dc9f56a4
8313,2026-07-07,150.5,151.8,146.4,150.7,445380,66373916.4,,,,render_normalized,tasi_2026-07-01_2026-07-25_20260724T224740032444Z,94d585e940d3932814e16b2c2d9d8088a8133afb375bbf783cc9a920dc9f56a4
8313,2026-07-08,150.7,151.9,148.8,150.0,349180,52462834.2,,,,render_normalized,tasi_2026-07-01_2026-07-25_20260724T224740032444Z,94d585e940d3932814e16b2c2d9d8088a8133afb375bbf783cc9a920dc9f56a4
8313,2026-07-09,147.6,148.6,135.0,135.0,2020069,280242802.4,,,,render_normalized,tasi_2026-07-01_2026-07-25_20260724T224740032444Z,94d585e940d3932814e16b2c2d9d8088a8133afb375bbf783cc9a920dc9f56a4
8313,2026-07-12,135.0,141.4,135.0,140.0,646962,89867204.0,,,,render_normalized,tasi_2026-07-01_2026-07-25_20260724T224740032444Z,94d585e940d3932814e16b2c2d9d8088a8133afb375bbf783cc9a920dc9f56a4
8313,2026-07-13,140.2,141.3,131.0,135.0,1352334,181860303.1,,,,render_normalized,tasi_2026-07-01_2026-07-25_20260724T224740032444Z,94d585e940d3932814e16b2c2d9d8088a8133afb375bbf783cc9a920dc9f56a4
8313,2026-07-14,135.0,138.5,132.6,136.7,717050,97783121.9,,,,render_normalized,tasi_2026-07-01_2026-07-25_20260724T224740032444Z,94d585e940d3932814e16b2c2d9d8088a8133afb375bbf783cc9a920dc9f56a4
8313,2026-07-15,136.7,139.9,136.3,136.6,564698,77742499.5,,,,render_normalized,tasi_2026-07-01_2026-07-25_20260724T224740032444Z,94d585e940d3932814e16b2c2d9d8088a8133afb375bbf783cc9a920dc9f56a4
8313,2026-07-16,137.0,140.2,137.0,139.0,1158056,159674398.5,,,,render_normalized,tasi_2026-07-01_2026-07-25_20260724T224740032444Z,94d585e940d3932814e16b2c2d9d8088a8133afb375bbf783cc9a920dc9f56a4
8313,2026-07-19,139.0,139.0,133.8,134.0,138550,18626431.4,,,,render_normalized,tasi_2026-07-01_2026-07-25_20260724T224740032444Z,94d585e940d3932814e16b2c2d9d8088a8133afb375bbf783cc9a920dc9f56a4
8313,2026-07-20,134.4,138.7,134.4,137.0,308925,42378131.4,,,,render_normalized,tasi_2026-07-01_2026-07-25_20260724T224740032444Z,94d585e940d3932814e16b2c2d9d8088a8133afb375bbf783cc9a920dc9f56a4
8313,2026-07-21,137.0,140.0,137.0,138.0,412469,56930564.4,,,,render_normalized,tasi_2026-07-01_2026-07-25_20260724T224740032444Z,94d585e940d3932814e16b2c2d9d8088a8133afb375bbf783cc9a920dc9f56a4
8313,2026-07-22,138.0,138.6,135.1,135.6,277831,37943590.6,,,,render_normalized,tasi_2026-07-01_2026-07-25_20260724T224740032444Z,94d585e940d3932814e16b2c2d9d8088a8133afb375bbf783cc9a920dc9f56a4
8313,2026-07-23,135.5,137.0,134.0,136.7,184156,25067220.7,,,,render_normalized,tasi_2026-07-01_2026-07-25_20260724T224740032444Z,94d585e940d3932814e16b2c2d9d8088a8133afb375bbf783cc9a920dc9f56a4
8313,2026-07-26,136.7,137.9,136.4,137.9,39138,5372166.9,,,,render_normalized,tasi_2026-07-26_2026-07-26_20260726T153020799318Z,1399c61e8f7fe46fad0af17b0f849573aed0c13690e21df7605aa5855d1d51ae
8313,2026-07-27,137.9,138.1,134.3,134.3,367430,49827141.1,,,,render_normalized,tasi_2026-07-27_2026-07-27_20260727T153021805810Z,08e1cc329a03547ec4c23f2c91c1939d7f3b9ff851b637111c58a1c412e7a980
8313,2026-07-28,136.1,136.1,132.5,133.1,263583,35220986.1,,,,render_normalized,tasi_2026-07-28_2026-07-28_20260728T153021299306Z,81778e79668b6fab38ad71abd544b6abf663a6cbc4c72c97310bc6d5ec4e0335
8313,2026-07-29,132.9,134.0,130.8,132.0,225246,29746878.5,,,,render_normalized,tasi_2026-07-29_2026-07-29_20260729T153021317502Z,cfefe94f48b73159ae82df75463f4e3f4845d0dece465ad842aa061a0d350d8d
8313,2026-07-30,130.5,132.8,129.8,130.2,206724,27124139.7,,,,render_normalized,tasi_2026-07-30_2026-07-30_20260730T153023201204Z,289b5b91df42eedaba58013d4e726e69d9b729d08635fcf0e5525b016c8d4704
9400,2026-07-01,49.12,49.18,48.62,48.79,17356,850257.44,,,,render_normalized,tasi_2026-07-01_2026-07-25_20260724T224740032444Z,94d585e940d3932814e16b2c2d9d8088a8133afb375bbf783cc9a920dc9f56a4
9400,2026-07-02,49.48,49.7,49.0,49.37,236,11593.8,,,,render_normalized,tasi_2026-07-01_2026-07-25_20260724T224740032444Z,94d585e940d3932814e16b2c2d9d8088a8133afb375bbf783cc9a920dc9f56a4
9400,2026-07-05,49.64,49.7,49.0,49.34,557,27529.68,,,,render_normalized,tasi_2026-07-01_2026-07-25_20260724T224740032444Z,94d585e940d3932814e16b2c2d9d8088a8133afb375bbf783cc9a920dc9f56a4
9400,2026-07-06,49.1,49.34,49.1,49.33,73,3591.54,,,,render_normalized,tasi_2026-07-01_2026-07-25_20260724T224740032444Z,94d585e940d3932814e16b2c2d9d8088a8133afb375bbf783cc9a920dc9f56a4
9400,2026-07-07,49.5,49.5,48.62,48.93,549,26766.8,,,,render_normalized,tasi_2026-07-01_2026-07-25_20260724T224740032444Z,94d585e940d3932814e16b2c2d9d8088a8133afb375bbf783cc9a920dc9f56a4
9400,2026-07-08,49.46,49.46,48.82,48.95,1654,80909.76,,,,render_normalized,tasi_2026-07-01_2026-07-25_20260724T224740032444Z,94d585e940d3932814e16b2c2d9d8088a8133afb375bbf783cc9a920dc9f56a4
9400,2026-07-09,48.96,49.42,48.82,48.94,1111,54446.88,,,,render_normalized,tasi_2026-07-01_2026-07-25_20260724T224740032444Z,94d585e940d3932814e16b2c2d9d8088a8133afb375bbf783cc9a920dc9f56a4
9400,2026-07-12,48.88,49.26,48.8,48.96,328,16042.02,,,,render_normalized,tasi_2026-07-01_2026-07-25_20260724T224740032444Z,94d585e940d3932814e16b2c2d9d8088a8133afb375bbf783cc9a920dc9f56a4
9400,2026-07-13,48.5,49.24,48.5,48.66,235,11494.86,,,,render_normalized,tasi_2026-07-01_2026-07-25_20260724T224740032444Z,94d585e940d3932814e16b2c2d9d8088a8133afb375bbf783cc9a920dc9f56a4
9400,2026-07-14,48.94,49.2,48.94,49.01,406,19897.6,,,,render_normalized,tasi_2026-07-01_2026-07-25_20260724T224740032444Z,94d585e940d3932814e16b2c2d9d8088a8133afb375bbf783cc9a920dc9f56a4
9400,2026-07-15,48.52,49.06,48.52,49.01,290,14203.92,,,,render_normalized,tasi_2026-07-01_2026-07-25_20260724T224740032444Z,94d585e940d3932814e16b2c2d9d8088a8133afb375bbf783cc9a920dc9f56a4
9400,2026-07-16,48.6,49.16,48.6,49.03,56,2741.86,,,,render_normalized,tasi_2026-07-01_2026-07-25_20260724T224740032444Z,94d585e940d3932814e16b2c2d9d8088a8133afb375bbf783cc9a920dc9f56a4
9400,2026-07-19,48.5,49.2,48.5,49.01,170,8298.42,,,,render_normalized,tasi_2026-07-01_2026-07-25_20260724T224740032444Z,94d585e940d3932814e16b2c2d9d8088a8133afb375bbf783cc9a920dc9f56a4
9400,2026-07-20,48.22,49.5,48.22,49.42,41,2016.52,,,,render_normalized,tasi_2026-07-01_2026-07-25_20260724T224740032444Z,94d585e940d3932814e16b2c2d9d8088a8133afb375bbf783cc9a920dc9f56a4
9400,2026-07-21,49.76,49.8,49.0,49.03,125,6154.64,,,,render_normalized,tasi_2026-07-01_2026-07-25_20260724T224740032444Z,94d585e940d3932814e16b2c2d9d8088a8133afb375bbf783cc9a920dc9f56a4
9400,2026-07-22,49.02,49.76,49.02,49.36,288,14207.64,,,,render_normalized,tasi_2026-07-01_2026-07-25_20260724T224740032444Z,94d585e940d3932814e16b2c2d9d8088a8133afb375bbf783cc9a920dc9f56a4
9400,2026-07-23,49.38,49.38,49.04,49.19,103,5075.04,,,,render_normalized,tasi_2026-07-01_2026-07-25_20260724T224740032444Z,94d585e940d3932814e16b2c2d9d8088a8133afb375bbf783cc9a920dc9f56a4
9400,2026-07-26,48.9,49.02,48.9,49.01,309,15139.0,,,,render_normalized,tasi_2026-07-26_2026-07-26_20260726T153020799318Z,1399c61e8f7fe46fad0af17b0f849573aed0c13690e21df7605aa5855d1d51ae
9400,2026-07-27,49.28,49.28,49.0,49.01,869,42593.9,,,,render_normalized,tasi_2026-07-27_2026-07-27_20260727T153021805810Z,08e1cc329a03547ec4c23f2c91c1939d7f3b9ff851b637111c58a1c412e7a980
9400,2026-07-28,48.6,49.2,48.6,48.86,459,22462.26,,,,render_normalized,tasi_2026-07-28_2026-07-28_20260728T153021299306Z,81778e79668b6fab38ad71abd544b6abf663a6cbc4c72c97310bc6d5ec4e0335
9400,2026-07-29,48.66,49.0,48.32,48.65,282,13772.42,,,,render_normalized,tasi_2026-07-29_2026-07-29_20260729T153021317502Z,cfefe94f48b73159ae82df75463f4e3f4845d0dece465ad842aa061a0d350d8d
9400,2026-07-30,48.96,49.28,48.7,48.89,308,15084.7,,,,render_normalized,tasi_2026-07-30_2026-07-30_20260730T153023201204Z,289b5b91df42eedaba58013d4e726e69d9b729d08635fcf0e5525b016c8d4704
9401,2026-07-01,23.22,23.7,23.22,23.67,1580,37397.71,,,,render_normalized,tasi_2026-07-01_2026-07-25_20260724T224740032444Z,94d585e940d3932814e16b2c2d9d8088a8133afb375bbf783cc9a920dc9f56a4
9401,2026-07-02,25.3,25.3,23.63,23.64,772,18401.37,,,,render_normalized,tasi_2026-07-01_2026-07-25_20260724T224740032444Z,94d585e940d3932814e16b2c2d9d8088a8133afb375bbf783cc9a920dc9f56a4
9401,2026-07-05,23.63,23.78,23.58,23.78,116,2740.62,,,,render_normalized,tasi_2026-07-01_2026-07-25_20260724T224740032444Z,94d585e940d3932814e16b2c2d9d8088a8133afb375bbf783cc9a920dc9f56a4
9401,2026-07-06,23.79,23.79,23.25,23.49,62,1458.12,,,,render_normalized,tasi_2026-07-01_2026-07-25_20260724T224740032444Z,94d585e940d3932814e16b2c2d9d8088a8133afb375bbf783cc9a920dc9f56a4
9401,2026-07-07,23.22,25.28,23.22,23.48,5954,146368.75,,,,render_normalized,tasi_2026-07-01_2026-07-25_20260724T224740032444Z,94d585e940d3932814e16b2c2d9d8088a8133afb375bbf783cc9a920dc9f56a4
9401,2026-07-08,23.38,23.58,23.3,23.52,3888,90685.56,,,,render_normalized,tasi_2026-07-01_2026-07-25_20260724T224740032444Z,94d585e940d3932814e16b2c2d9d8088a8133afb375bbf783cc9a920dc9f56a4
9401,2026-07-09,23.64,23.76,23.32,23.41,756,17656.34,,,,render_normalized,tasi_2026-07-01_2026-07-25_20260724T224740032444Z,94d585e940d3932814e16b2c2d9d8088a8133afb375bbf783cc9a920dc9f56a4
9401,2026-07-12,23.26,23.5,23.26,23.4,110,2560.8,,,,render_normalized,tasi_2026-07-01_2026-07-25_20260724T224740032444Z,94d585e940d3932814e16b2c2d9d8088a8133afb375bbf783cc9a920dc9f56a4
9401,2026-07-13,23.5,25.0,23.47,23.6,728,17209.23,,,,render_normalized,tasi_2026-07-01_2026-07-25_20260724T224740032444Z,94d585e940d3932814e16b2c2d9d8088a8133afb375bbf783cc9a920dc9f56a4
9401,2026-07-14,23.52,23.7,23.51,23.56,1095,25758.16,,,,render_normalized,tasi_2026-07-01_2026-07-25_20260724T224740032444Z,94d585e940d3932814e16b2c2d9d8088a8133afb375bbf783cc9a920dc9f56a4
9401,2026-07-15,23.53,23.8,23.53,23.64,242,5722.62,,,,render_normalized,tasi_2026-07-01_2026-07-25_20260724T224740032444Z,94d585e940d3932814e16b2c2d9d8088a8133afb375bbf783cc9a920dc9f56a4
9401,2026-07-16,24.5,24.96,23.55,23.7,6771,162457.81,,,,render_normalized,tasi_2026-07-01_2026-07-25_20260724T224740032444Z,94d585e940d3932814e16b2c2d9d8088a8133afb375bbf783cc9a920dc9f56a4
9401,2026-07-19,23.51,23.6,23.51,23.58,12,282.88,,,,render_normalized,tasi_2026-07-01_2026-07-25_20260724T224740032444Z,94d585e940d3932814e16b2c2d9d8088a8133afb375bbf783cc9a920dc9f56a4
9401,2026-07-20,23.5,23.6,23.32,23.35,451,10529.11,,,,render_normalized,tasi_2026-07-01_2026-07-25_20260724T224740032444Z,94d585e940d3932814e16b2c2d9d8088a8133afb375bbf783cc9a920dc9f56a4
9401,2026-07-21,23.23,25.4,23.21,23.33,3068,71902.72,,,,render_normalized,tasi_2026-07-01_2026-07-25_20260724T224740032444Z,94d585e940d3932814e16b2c2d9d8088a8133afb375bbf783cc9a920dc9f56a4
9401,2026-07-22,23.39,23.59,23.39,23.73,208,4891.55,,,,render_normalized,tasi_2026-07-01_2026-07-25_20260724T224740032444Z,94d585e940d3932814e16b2c2d9d8088a8133afb375bbf783cc9a920dc9f56a4
9401,2026-07-23,23.58,23.96,23.58,23.7,66,1567.81,,,,render_normalized,tasi_2026-07-01_2026-07-25_20260724T224740032444Z,94d585e940d3932814e16b2c2d9d8088a8133afb375bbf783cc9a920dc9f56a4
9401,2026-07-26,23.78,23.79,23.42,23.45,808,18935.84,,,,render_normalized,tasi_2026-07-26_2026-07-26_20260726T153020799318Z,1399c61e8f7fe46fad0af17b0f849573aed0c13690e21df7605aa5855d1d51ae
9401,2026-07-27,23.43,23.7,23.43,23.51,58,1368.17,,,,render_normalized,tasi_2026-07-27_2026-07-27_20260727T153021805810Z,08e1cc329a03547ec4c23f2c91c1939d7f3b9ff851b637111c58a1c412e7a980
9401,2026-07-28,23.46,23.46,23.44,23.43,39,914.34,,,,render_normalized,tasi_2026-07-28_2026-07-28_20260728T153021299306Z,81778e79668b6fab38ad71abd544b6abf663a6cbc4c72c97310bc6d5ec4e0335
9401,2026-07-29,23.42,23.6,23.22,23.34,820,19099.15,,,,render_normalized,tasi_2026-07-29_2026-07-29_20260729T153021317502Z,cfefe94f48b73159ae82df75463f4e3f4845d0dece465ad842aa061a0d350d8d
9401,2026-07-30,23.22,23.24,23.18,23.17,214,4965.5,,,,render_normalized,tasi_2026-07-30_2026-07-30_20260730T153023201204Z,289b5b91df42eedaba58013d4e726e69d9b729d08635fcf0e5525b016c8d4704
9402,2026-07-01,44.44,44.98,44.44,44.75,163,7285.16,,,,render_normalized,tasi_2026-07-01_2026-07-25_20260724T224740032444Z,94d585e940d3932814e16b2c2d9d8088a8133afb375bbf783cc9a920dc9f56a4
9402,2026-07-02,44.86,45.4,44.5,44.69,2178,98129.54,,,,render_normalized,tasi_2026-07-01_2026-07-25_20260724T224740032444Z,94d585e940d3932814e16b2c2d9d8088a8133afb375bbf783cc9a920dc9f56a4
9402,2026-07-05,44.8,44.96,44.58,44.51,10,446.62,,,,render_normalized,tasi_2026-07-01_2026-07-25_20260724T224740032444Z,94d585e940d3932814e16b2c2d9d8088a8133afb375bbf783cc9a920dc9f56a4
9402,2026-07-06,44.42,44.42,44.24,44.24,111,4922.9,,,,render_normalized,tasi_2026-07-01_2026-07-25_20260724T224740032444Z,94d585e940d3932814e16b2c2d9d8088a8133afb375bbf783cc9a920dc9f56a4
9402,2026-07-07,44.42,44.42,44.26,44.39,49,2173.16,,,,render_normalized,tasi_2026-07-01_2026-07-25_20260724T224740032444Z,94d585e940d3932814e16b2c2d9d8088a8133afb375bbf783cc9a920dc9f56a4
9402,2026-07-08,44.4,44.76,44.4,44.52,511,22690.28,,,,render_normalized,tasi_2026-07-01_2026-07-25_20260724T224740032444Z,94d585e940d3932814e16b2c2d9d8088a8133afb375bbf783cc9a920dc9f56a4
9402,2026-07-09,45.0,45.0,44.6,44.61,25,1116.62,,,,render_normalized,tasi_2026-07-01_2026-07-25_20260724T224740032444Z,94d585e940d3932814e16b2c2d9d8088a8133afb375bbf783cc9a920dc9f56a4
9402,2026-07-12,45.0,45.0,44.4,44.66,75,3342.26,,,,render_normalized,tasi_2026-07-01_2026-07-25_20260724T224740032444Z,94d585e940d3932814e16b2c2d9d8088a8133afb375bbf783cc9a920dc9f56a4
9402,2026-07-13,44.8,44.98,44.6,44.75,44,1964.72,,,,render_normalized,tasi_2026-07-01_2026-07-25_20260724T224740032444Z,94d585e940d3932814e16b2c2d9d8088a8133afb375bbf783cc9a920dc9f56a4
9402,2026-07-14,44.9,44.9,44.24,44.28,11,489.74,,,,render_normalized,tasi_2026-07-01_2026-07-25_20260724T224740032444Z,94d585e940d3932814e16b2c2d9d8088a8133afb375bbf783cc9a920dc9f56a4
9402,2026-07-15,46.38,46.38,44.06,44.61,1433,63745.0,,,,render_normalized,tasi_2026-07-01_2026-07-25_20260724T224740032444Z,94d585e940d3932814e16b2c2d9d8088a8133afb375bbf783cc9a920dc9f56a4
9402,2026-07-16,44.8,44.8,44.2,44.35,128,5688.2,,,,render_normalized,tasi_2026-07-01_2026-07-25_20260724T224740032444Z,94d585e940d3932814e16b2c2d9d8088a8133afb375bbf783cc9a920dc9f56a4
9402,2026-07-19,44.02,44.46,44.0,44.07,57,2512.3,,,,render_normalized,tasi_2026-07-01_2026-07-25_20260724T224740032444Z,94d585e940d3932814e16b2c2d9d8088a8133afb375bbf783cc9a920dc9f56a4
9402,2026-07-20,44.88,46.88,44.12,44.26,732,32785.88,,,,render_normalized,tasi_2026-07-01_2026-07-25_20260724T224740032444Z,94d585e940d3932814e16b2c2d9d8088a8133afb375bbf783cc9a920dc9f56a4
9402,2026-07-21,44.42,44.42,44.0,44.1,41,1812.88,,,,render_normalized,tasi_2026-07-01_2026-07-25_20260724T224740032444Z,94d585e940d3932814e16b2c2d9d8088a8133afb375bbf783cc9a920dc9f56a4
9402,2026-07-22,44.02,46.8,44.02,44.16,2217,100227.54,,,,render_normalized,tasi_2026-07-01_2026-07-25_20260724T224740032444Z,94d585e940d3932814e16b2c2d9d8088a8133afb375bbf783cc9a920dc9f56a4
9402,2026-07-23,44.16,44.16,44.04,44.12,273,12044.18,,,,render_normalized,tasi_2026-07-01_2026-07-25_20260724T224740032444Z,94d585e940d3932814e16b2c2d9d8088a8133afb375bbf783cc9a920dc9f56a4
9402,2026-07-26,43.9,44.38,43.9,44.22,924,40646.72,,,,render_normalized,tasi_2026-07-26_2026-07-26_20260726T153020799318Z,1399c61e8f7fe46fad0af17b0f849573aed0c13690e21df7605aa5855d1d51ae
9402,2026-07-27,43.5,44.16,43.5,44.21,106,4648.4,,,,render_normalized,tasi_2026-07-27_2026-07-27_20260727T153021805810Z,08e1cc329a03547ec4c23f2c91c1939d7f3b9ff851b637111c58a1c412e7a980
9402,2026-07-28,46.78,46.78,44.0,43.9,384,17282.36,,,,render_normalized,tasi_2026-07-28_2026-07-28_20260728T153021299306Z,81778e79668b6fab38ad71abd544b6abf663a6cbc4c72c97310bc6d5ec4e0335
9402,2026-07-29,43.66,43.74,42.7,43.27,869,37476.36,,,,render_normalized,tasi_2026-07-29_2026-07-29_20260729T153021317502Z,cfefe94f48b73159ae82df75463f4e3f4845d0dece465ad842aa061a0d350d8d
9402,2026-07-30,44.0,44.0,42.88,43.1,1059,45436.44,,,,render_normalized,tasi_2026-07-30_2026-07-30_20260730T153023201204Z,289b5b91df42eedaba58013d4e726e69d9b729d08635fcf0e5525b016c8d4704
9403,2026-07-01,8.53,8.54,8.52,8.52,3639,31009.17,,,,render_normalized,tasi_2026-07-01_2026-07-25_20260724T224740032444Z,94d585e940d3932814e16b2c2d9d8088a8133afb375bbf783cc9a920dc9f56a4
9403,2026-07-02,8.54,8.54,8.52,8.52,4374,37322.89,,,,render_normalized,tasi_2026-07-01_2026-07-25_20260724T224740032444Z,94d585e940d3932814e16b2c2d9d8088a8133afb375bbf783cc9a920dc9f56a4
9403,2026-07-05,8.52,8.54,8.51,8.52,338682,2890590.47,,,,render_normalized,tasi_2026-07-01_2026-07-25_20260724T224740032444Z,94d585e940d3932814e16b2c2d9d8088a8133afb375bbf783cc9a920dc9f56a4
9403,2026-07-06,8.53,8.54,8.51,8.53,190067,1619726.83,,,,render_normalized,tasi_2026-07-01_2026-07-25_20260724T224740032444Z,94d585e940d3932814e16b2c2d9d8088a8133afb375bbf783cc9a920dc9f56a4
9403,2026-07-07,8.52,8.53,8.51,8.52,46073,392532.52,,,,render_normalized,tasi_2026-07-01_2026-07-25_20260724T224740032444Z,94d585e940d3932814e16b2c2d9d8088a8133afb375bbf783cc9a920dc9f56a4
9403,2026-07-08,8.52,8.54,8.52,8.53,2051,17485.81,,,,render_normalized,tasi_2026-07-01_2026-07-25_20260724T224740032444Z,94d585e940d3932814e16b2c2d9d8088a8133afb375bbf783cc9a920dc9f56a4
9403,2026-07-09,8.54,8.54,8.52,8.52,609972,5204059.57,,,,render_normalized,tasi_2026-07-01_2026-07-25_20260724T224740032444Z,94d585e940d3932814e16b2c2d9d8088a8133afb375bbf783cc9a920dc9f56a4
9403,2026-07-12,8.52,8.54,8.52,8.52,338137,2885941.48,,,,render_normalized,tasi_2026-07-01_2026-07-25_20260724T224740032444Z,94d585e940d3932814e16b2c2d9d8088a8133afb375bbf783cc9a920dc9f56a4
9403,2026-07-13,8.53,8.54,8.52,8.52,251823,2145535.93,,,,render_normalized,tasi_2026-07-01_2026-07-25_20260724T224740032444Z,94d585e940d3932814e16b2c2d9d8088a8133afb375bbf783cc9a920dc9f56a4
9403,2026-07-14,8.51,8.54,8.51,8.52,97803,834128.55,,,,render_normalized,tasi_2026-07-01_2026-07-25_20260724T224740032444Z,94d585e940d3932814e16b2c2d9d8088a8133afb375bbf783cc9a920dc9f56a4
9403,2026-07-15,8.54,8.54,8.52,8.52,2389,20398.21,,,,render_normalized,tasi_2026-07-01_2026-07-25_20260724T224740032444Z,94d585e940d3932814e16b2c2d9d8088a8133afb375bbf783cc9a920dc9f56a4
9403,2026-07-16,8.52,8.54,8.52,8.54,2970,25357.81,,,,render_normalized,tasi_2026-07-01_2026-07-25_20260724T224740032444Z,94d585e940d3932814e16b2c2d9d8088a8133afb375bbf783cc9a920dc9f56a4
9403,2026-07-19,8.54,8.54,8.52,8.52,316251,2697686.21,,,,render_normalized,tasi_2026-07-01_2026-07-25_20260724T224740032444Z,94d585e940d3932814e16b2c2d9d8088a8133afb375bbf783cc9a920dc9f56a4
9403,2026-07-20,8.53,8.54,8.51,8.52,11561,98501.75,,,,render_normalized,tasi_2026-07-01_2026-07-25_20260724T224740032444Z,94d585e940d3932814e16b2c2d9d8088a8133afb375bbf783cc9a920dc9f56a4
9403,2026-07-21,8.54,8.54,8.52,8.53,36129,308175.28,,,,render_normalized,tasi_2026-07-01_2026-07-25_20260724T224740032444Z,94d585e940d3932814e16b2c2d9d8088a8133afb375bbf783cc9a920dc9f56a4
9403,2026-07-22,8.52,8.55,8.52,8.55,7714,65845.64,,,,render_normalized,tasi_2026-07-01_2026-07-25_20260724T224740032444Z,94d585e940d3932814e16b2c2d9d8088a8133afb375bbf783cc9a920dc9f56a4
9403,2026-07-23,8.54,8.55,8.52,8.52,234967,2004931.17,,,,render_normalized,tasi_2026-07-01_2026-07-25_20260724T224740032444Z,94d585e940d3932814e16b2c2d9d8088a8133afb375bbf783cc9a920dc9f56a4
9403,2026-07-26,8.53,8.53,8.51,8.52,176060,1500068.62,,,,render_normalized,tasi_2026-07-26_2026-07-26_20260726T153020799318Z,1399c61e8f7fe46fad0af17b0f849573aed0c13690e21df7605aa5855d1d51ae
9403,2026-07-27,8.52,8.52,8.5,8.51,2332,19864.17,,,,render_normalized,tasi_2026-07-27_2026-07-27_20260727T153021805810Z,08e1cc329a03547ec4c23f2c91c1939d7f3b9ff851b637111c58a1c412e7a980
9403,2026-07-28,8.52,8.52,8.5,8.5,3901,33200.8,,,,render_normalized,tasi_2026-07-28_2026-07-28_20260728T153021299306Z,81778e79668b6fab38ad71abd544b6abf663a6cbc4c72c97310bc6d5ec4e0335
9403,2026-07-29,8.52,8.52,8.5,8.51,3102,26409.5,,,,render_normalized,tasi_2026-07-29_2026-07-29_20260729T153021317502Z,cfefe94f48b73159ae82df75463f4e3f4845d0dece465ad842aa061a0d350d8d
9403,2026-07-30,8.52,8.52,8.49,8.5,10055,85483.76,,,,render_normalized,tasi_2026-07-30_2026-07-30_20260730T153023201204Z,289b5b91df42eedaba58013d4e726e69d9b729d08635fcf0e5525b016c8d4704
9404,2026-07-01,10.36,10.38,10.36,10.37,3258,33761.21,,,,render_normalized,tasi_2026-07-01_2026-07-25_20260724T224740032444Z,94d585e940d3932814e16b2c2d9d8088a8133afb375bbf783cc9a920dc9f56a4
9404,2026-07-02,10.38,10.4,10.36,10.4,719,7466.98,,,,render_normalized,tasi_2026-07-01_2026-07-25_20260724T224740032444Z,94d585e940d3932814e16b2c2d9d8088a8133afb375bbf783cc9a920dc9f56a4
9404,2026-07-05,10.41,10.41,10.4,10.4,2363,24597.69,,,,render_normalized,tasi_2026-07-01_2026-07-25_20260724T224740032444Z,94d585e940d3932814e16b2c2d9d8088a8133afb375bbf783cc9a920dc9f56a4
9404,2026-07-06,10.4,10.43,10.4,10.42,2618,27279.6,,,,render_normalized,tasi_2026-07-01_2026-07-25_20260724T224740032444Z,94d585e940d3932814e16b2c2d9d8088a8133afb375bbf783cc9a920dc9f56a4
9404,2026-07-07,10.43,10.43,10.37,10.43,1194,12414.28,,,,render_normalized,tasi_2026-07-01_2026-07-25_20260724T224740032444Z,94d585e940d3932814e16b2c2d9d8088a8133afb375bbf783cc9a920dc9f56a4
9404,2026-07-08,10.44,10.44,10.29,10.35,15734,163795.73,,,,render_normalized,tasi_2026-07-01_2026-07-25_20260724T224740032444Z,94d585e940d3932814e16b2c2d9d8088a8133afb375bbf783cc9a920dc9f56a4
9404,2026-07-09,10.41,10.41,10.22,10.22,8056,83374.42,,,,render_normalized,tasi_2026-07-01_2026-07-25_20260724T224740032444Z,94d585e940d3932814e16b2c2d9d8088a8133afb375bbf783cc9a920dc9f56a4
9404,2026-07-12,10.22,10.22,10.2,10.21,1331,13582.21,,,,render_normalized,tasi_2026-07-01_2026-07-25_20260724T224740032444Z,94d585e940d3932814e16b2c2d9d8088a8133afb375bbf783cc9a920dc9f56a4
9404,2026-07-13,10.2,10.22,10.2,10.21,6480,66207.89,,,,render_normalized,tasi_2026-07-01_2026-07-25_20260724T224740032444Z,94d585e940d3932814e16b2c2d9d8088a8133afb375bbf783cc9a920dc9f56a4
9404,2026-07-14,10.2,10.21,10.19,10.2,1188,12117.49,,,,render_normalized,tasi_2026-07-01_2026-07-25_20260724T224740032444Z,94d585e940d3932814e16b2c2d9d8088a8133afb375bbf783cc9a920dc9f56a4
9404,2026-07-15,10.19,10.21,10.0,10.2,10600,106262.91,,,,render_normalized,tasi_2026-07-01_2026-07-25_20260724T224740032444Z,94d585e940d3932814e16b2c2d9d8088a8133afb375bbf783cc9a920dc9f56a4
9404,2026-07-16,10.19,10.21,10.19,10.2,150,1530.22,,,,render_normalized,tasi_2026-07-01_2026-07-25_20260724T224740032444Z,94d585e940d3932814e16b2c2d9d8088a8133afb375bbf783cc9a920dc9f56a4
9404,2026-07-19,10.19,10.2,10.17,10.19,307,3128.1,,,,render_normalized,tasi_2026-07-01_2026-07-25_20260724T224740032444Z,94d585e940d3932814e16b2c2d9d8088a8133afb375bbf783cc9a920dc9f56a4
9404,2026-07-20,10.2,10.2,10.18,10.19,436,4444.84,,,,render_normalized,tasi_2026-07-01_2026-07-25_20260724T224740032444Z,94d585e940d3932814e16b2c2d9d8088a8133afb375bbf783cc9a920dc9f56a4
9404,2026-07-21,10.11,10.2,10.11,10.19,483,4907.29,,,,render_normalized,tasi_2026-07-01_2026-07-25_20260724T224740032444Z,94d585e940d3932814e16b2c2d9d8088a8133afb375bbf783cc9a920dc9f56a4
9404,2026-07-22,10.16,10.16,10.12,10.13,1699,17249.65,,,,render_normalized,tasi_2026-07-01_2026-07-25_20260724T224740032444Z,94d585e940d3932814e16b2c2d9d8088a8133afb375bbf783cc9a920dc9f56a4
9404,2026-07-23,10.14,10.14,10.12,10.13,5140,52119.52,,,,render_normalized,tasi_2026-07-01_2026-07-25_20260724T224740032444Z,94d585e940d3932814e16b2c2d9d8088a8133afb375bbf783cc9a920dc9f56a4
9404,2026-07-26,10.14,10.14,10.13,10.14,3100,31433.72,,,,render_normalized,tasi_2026-07-26_2026-07-26_20260726T153020799318Z,1399c61e8f7fe46fad0af17b0f849573aed0c13690e21df7605aa5855d1d51ae
9404,2026-07-27,10.14,10.15,10.13,10.14,1228,12460.36,,,,render_normalized,tasi_2026-07-27_2026-07-27_20260727T153021805810Z,08e1cc329a03547ec4c23f2c91c1939d7f3b9ff851b637111c58a1c412e7a980
9404,2026-07-28,10.15,10.15,10.12,10.13,4440,45000.32,,,,render_normalized,tasi_2026-07-28_2026-07-28_20260728T153021299306Z,81778e79668b6fab38ad71abd544b6abf663a6cbc4c72c97310bc6d5ec4e0335
9404,2026-07-29,10.11,10.17,10.11,10.16,914,9280.49,,,,render_normalized,tasi_2026-07-29_2026-07-29_20260729T153021317502Z,cfefe94f48b73159ae82df75463f4e3f4845d0dece465ad842aa061a0d350d8d
9404,2026-07-30,10.17,10.17,10.12,10.16,314,3192.53,,,,render_normalized,tasi_2026-07-30_2026-07-30_20260730T153023201204Z,289b5b91df42eedaba58013d4e726e69d9b729d08635fcf0e5525b016c8d4704
9405,2026-07-01,21.11,21.11,20.7,21.0,135534,2826867.81,,,,render_normalized,tasi_2026-07-01_2026-07-25_20260724T224740032444Z,94d585e940d3932814e16b2c2d9d8088a8133afb375bbf783cc9a920dc9f56a4
9405,2026-07-02,21.2,21.37,21.0,21.14,50506,1069317.75,,,,render_normalized,tasi_2026-07-01_2026-07-25_20260724T224740032444Z,94d585e940d3932814e16b2c2d9d8088a8133afb375bbf783cc9a920dc9f56a4
9405,2026-07-05,21.55,21.68,21.44,21.48,80596,1738749.88,,,,render_normalized,tasi_2026-07-01_2026-07-25_20260724T224740032444Z,94d585e940d3932814e16b2c2d9d8088a8133afb375bbf783cc9a920dc9f56a4
9405,2026-07-06,21.51,21.52,21.33,21.43,44138,946210.59,,,,render_normalized,tasi_2026-07-01_2026-07-25_20260724T224740032444Z,94d585e940d3932814e16b2c2d9d8088a8133afb375bbf783cc9a920dc9f56a4
9405,2026-07-07,21.43,21.43,21.28,21.34,19658,419513.79,,,,render_normalized,tasi_2026-07-01_2026-07-25_20260724T224740032444Z,94d585e940d3932814e16b2c2d9d8088a8133afb375bbf783cc9a920dc9f56a4
9405,2026-07-08,21.34,21.34,21.0,21.08,39374,832066.38,,,,render_normalized,tasi_2026-07-01_2026-07-25_20260724T224740032444Z,94d585e940d3932814e16b2c2d9d8088a8133afb375bbf783cc9a920dc9f56a4
9405,2026-07-09,21.1,21.5,21.1,21.3,31647,674387.51,,,,render_normalized,tasi_2026-07-01_2026-07-25_20260724T224740032444Z,94d585e940d3932814e16b2c2d9d8088a8133afb375bbf783cc9a920dc9f56a4
9405,2026-07-12,21.33,21.4,21.27,21.3,59208,1262345.86,,,,render_normalized,tasi_2026-07-01_2026-07-25_20260724T224740032444Z,94d585e940d3932814e16b2c2d9d8088a8133afb375bbf783cc9a920dc9f56a4
9405,2026-07-13,21.25,21.25,20.95,21.0,73628,1546707.82,,,,render_normalized,tasi_2026-07-01_2026-07-25_20260724T224740032444Z,94d585e940d3932814e16b2c2d9d8088a8133afb375bbf783cc9a920dc9f56a4
9405,2026-07-14,20.95,20.98,20.88,20.94,85303,1785388.96,,,,render_normalized,tasi_2026-07-01_2026-07-25_20260724T224740032444Z,94d585e940d3932814e16b2c2d9d8088a8133afb375bbf783cc9a920dc9f56a4
9405,2026-07-15,20.96,21.0,20.8,20.9,48210,1007744.2,,,,render_normalized,tasi_2026-07-01_2026-07-25_20260724T224740032444Z,94d585e940d3932814e16b2c2d9d8088a8133afb375bbf783cc9a920dc9f56a4
9405,2026-07-16,20.9,20.96,20.87,20.91,26763,559416.04,,,,render_normalized,tasi_2026-07-01_2026-07-25_20260724T224740032444Z,94d585e940d3932814e16b2c2d9d8088a8133afb375bbf783cc9a920dc9f56a4
9405,2026-07-19,20.92,20.93,20.83,20.88,35160,734544.22,,,,render_normalized,tasi_2026-07-01_2026-07-25_20260724T224740032444Z,94d585e940d3932814e16b2c2d9d8088a8133afb375bbf783cc9a920dc9f56a4
9405,2026-07-20,20.9,20.96,20.88,20.95,50944,1064653.17,,,,render_normalized,tasi_2026-07-01_2026-07-25_20260724T224740032444Z,94d585e940d3932814e16b2c2d9d8088a8133afb375bbf783cc9a920dc9f56a4
9405,2026-07-21,21.0,21.09,20.89,20.9,29489,618604.95,,,,render_normalized,tasi_2026-07-01_2026-07-25_20260724T224740032444Z,94d585e940d3932814e16b2c2d9d8088a8133afb375bbf783cc9a920dc9f56a4
9405,2026-07-22,21.18,21.19,20.99,21.06,64419,1357752.35,,,,render_normalized,tasi_2026-07-01_2026-07-25_20260724T224740032444Z,94d585e940d3932814e16b2c2d9d8088a8133afb375bbf783cc9a920dc9f56a4
9405,2026-07-23,21.25,21.28,20.93,20.94,56168,1181107.32,,,,render_normalized,tasi_2026-07-01_2026-07-25_20260724T224740032444Z,94d585e940d3932814e16b2c2d9d8088a8133afb375bbf783cc9a920dc9f56a4
9405,2026-07-26,21.12,21.14,20.94,20.96,32553,683526.96,,,,render_normalized,tasi_2026-07-26_2026-07-26_20260726T153020799318Z,1399c61e8f7fe46fad0af17b0f849573aed0c13690e21df7605aa5855d1d51ae
9405,2026-07-27,21.0,21.1,20.95,21.0,12932,271590.79,,,,render_normalized,tasi_2026-07-27_2026-07-27_20260727T153021805810Z,08e1cc329a03547ec4c23f2c91c1939d7f3b9ff851b637111c58a1c412e7a980
9405,2026-07-28,21.0,21.0,20.74,20.76,33568,698434.18,,,,render_normalized,tasi_2026-07-28_2026-07-28_20260728T153021299306Z,81778e79668b6fab38ad71abd544b6abf663a6cbc4c72c97310bc6d5ec4e0335
9405,2026-07-29,20.76,20.86,20.7,20.8,28955,601509.95,,,,render_normalized,tasi_2026-07-29_2026-07-29_20260729T153021317502Z,cfefe94f48b73159ae82df75463f4e3f4845d0dece465ad842aa061a0d350d8d
9405,2026-07-30,20.9,21.04,20.84,20.9,28121,589101.06,,,,render_normalized,tasi_2026-07-30_2026-07-30_20260730T153023201204Z,289b5b91df42eedaba58013d4e726e69d9b729d08635fcf0e5525b016c8d4704
9406,2026-07-01,16.78,16.78,16.76,16.76,2260,37901.7,,,,render_normalized,tasi_2026-07-01_2026-07-25_20260724T224740032444Z,94d585e940d3932814e16b2c2d9d8088a8133afb375bbf783cc9a920dc9f56a4
9406,2026-07-02,16.42,16.42,16.4,16.41,1679,27553.17,,,,render_normalized,tasi_2026-07-01_2026-07-25_20260724T224740032444Z,94d585e940d3932814e16b2c2d9d8088a8133afb375bbf783cc9a920dc9f56a4
9406,2026-07-05,16.16,16.17,16.12,16.13,4088,66035.24,,,,render_normalized,tasi_2026-07-01_2026-07-25_20260724T224740032444Z,94d585e940d3932814e16b2c2d9d8088a8133afb375bbf783cc9a920dc9f56a4
9406,2026-07-06,16.13,16.15,16.13,16.14,3372,54418.38,,,,render_normalized,tasi_2026-07-01_2026-07-25_20260724T224740032444Z,94d585e940d3932814e16b2c2d9d8088a8133afb375bbf783cc9a920dc9f56a4
9406,2026-07-07,16.28,16.3,16.28,16.29,3489,56827.02,,,,render_normalized,tasi_2026-07-01_2026-07-25_20260724T224740032444Z,94d585e940d3932814e16b2c2d9d8088a8133afb375bbf783cc9a920dc9f56a4
9406,2026-07-08,16.03,16.03,16.01,16.02,1582,25345.61,,,,render_normalized,tasi_2026-07-01_2026-07-25_20260724T224740032444Z,94d585e940d3932814e16b2c2d9d8088a8133afb375bbf783cc9a920dc9f56a4
9406,2026-07-09,16.0,16.01,15.96,15.98,5859,93731.94,,,,render_normalized,tasi_2026-07-01_2026-07-25_20260724T224740032444Z,94d585e940d3932814e16b2c2d9d8088a8133afb375bbf783cc9a920dc9f56a4
9406,2026-07-12,16.2,16.22,16.2,16.2,2465,39939.83,,,,render_normalized,tasi_2026-07-01_2026-07-25_20260724T224740032444Z,94d585e940d3932814e16b2c2d9d8088a8133afb375bbf783cc9a920dc9f56a4
9406,2026-07-13,16.26,16.26,16.22,16.23,1147,18622.23,,,,render_normalized,tasi_2026-07-01_2026-07-25_20260724T224740032444Z,94d585e940d3932814e16b2c2d9d8088a8133afb375bbf783cc9a920dc9f56a4
9406,2026-07-14,16.06,16.06,16.04,16.06,504,8093.82,,,,render_normalized,tasi_2026-07-01_2026-07-25_20260724T224740032444Z,94d585e940d3932814e16b2c2d9d8088a8133afb375bbf783cc9a920dc9f56a4
9406,2026-07-15,16.13,16.14,16.13,16.13,1273,20538.26,,,,render_normalized,tasi_2026-07-01_2026-07-25_20260724T224740032444Z,94d585e940d3932814e16b2c2d9d8088a8133afb375bbf783cc9a920dc9f56a4
9406,2026-07-16,15.96,15.96,15.89,15.9,2573,40942.21,,,,render_normalized,tasi_2026-07-01_2026-07-25_20260724T224740032444Z,94d585e940d3932814e16b2c2d9d8088a8133afb375bbf783cc9a920dc9f56a4
9406,2026-07-19,15.68,15.68,15.66,15.68,2399,37596.0,,,,render_normalized,tasi_2026-07-01_2026-07-25_20260724T224740032444Z,94d585e940d3932814e16b2c2d9d8088a8133afb375bbf783cc9a920dc9f56a4
9406,2026-07-20,15.68,15.7,15.68,15.71,2600,40818.49,,,,render_normalized,tasi_2026-07-01_2026-07-25_20260724T224740032444Z,94d585e940d3932814e16b2c2d9d8088a8133afb375bbf783cc9a920dc9f56a4
9406,2026-07-21,15.69,15.69,15.67,15.68,1156,18118.3,,,,render_normalized,tasi_2026-07-01_2026-07-25_20260724T224740032444Z,94d585e940d3932814e16b2c2d9d8088a8133afb375bbf783cc9a920dc9f56a4
9406,2026-07-22,16.01,16.03,16.0,16.02,4028,64498.07,,,,render_normalized,tasi_2026-07-01_2026-07-25_20260724T224740032444Z,94d585e940d3932814e16b2c2d9d8088a8133afb375bbf783cc9a920dc9f56a4
9406,2026-07-23,15.99,16.0,15.98,15.99,4174,66756.92,,,,render_normalized,tasi_2026-07-01_2026-07-25_20260724T224740032444Z,94d585e940d3932814e16b2c2d9d8088a8133afb375bbf783cc9a920dc9f56a4
9406,2026-07-26,15.62,15.71,15.6,15.68,28051,439085.77,,,,render_normalized,tasi_2026-07-26_2026-07-26_20260726T153020799318Z,1399c61e8f7fe46fad0af17b0f849573aed0c13690e21df7605aa5855d1d51ae
9406,2026-07-27,15.88,15.88,15.6,15.63,7642,119493.13,,,,render_normalized,tasi_2026-07-27_2026-07-27_20260727T153021805810Z,08e1cc329a03547ec4c23f2c91c1939d7f3b9ff851b637111c58a1c412e7a980
9406,2026-07-28,15.58,15.58,15.54,15.56,5692,88479.2,,,,render_normalized,tasi_2026-07-28_2026-07-28_20260728T153021299306Z,81778e79668b6fab38ad71abd544b6abf663a6cbc4c72c97310bc6d5ec4e0335
9406,2026-07-29,15.34,15.35,15.33,15.34,3750,57514.18,,,,render_normalized,tasi_2026-07-29_2026-07-29_20260729T153021317502Z,cfefe94f48b73159ae82df75463f4e3f4845d0dece465ad842aa061a0d350d8d
9406,2026-07-30,15.04,15.13,15.02,15.13,22375,337459.73,,,,render_normalized,tasi_2026-07-30_2026-07-30_20260730T153023201204Z,289b5b91df42eedaba58013d4e726e69d9b729d08635fcf0e5525b016c8d4704
9407,2026-07-01,25.36,25.44,25.34,25.4,15479,392915.06,,,,render_normalized,tasi_2026-07-01_2026-07-25_20260724T224740032444Z,94d585e940d3932814e16b2c2d9d8088a8133afb375bbf783cc9a920dc9f56a4
9407,2026-07-02,25.02,25.06,25.02,25.06,1195,29913.12,,,,render_normalized,tasi_2026-07-01_2026-07-25_20260724T224740032444Z,94d585e940d3932814e16b2c2d9d8088a8133afb375bbf783cc9a920dc9f56a4
9407,2026-07-05,24.56,24.58,24.54,24.57,8262,202952.56,,,,render_normalized,tasi_2026-07-01_2026-07-25_20260724T224740032444Z,94d585e940d3932814e16b2c2d9d8088a8133afb375bbf783cc9a920dc9f56a4
9407,2026-07-06,24.54,24.72,24.51,24.59,25834,634824.11,,,,render_normalized,tasi_2026-07-01_2026-07-25_20260724T224740032444Z,94d585e940d3932814e16b2c2d9d8088a8133afb375bbf783cc9a920dc9f56a4
9407,2026-07-07,24.94,24.95,24.79,24.95,32577,809383.33,,,,render_normalized,tasi_2026-07-01_2026-07-25_20260724T224740032444Z,94d585e940d3932814e16b2c2d9d8088a8133afb375bbf783cc9a920dc9f56a4
9407,2026-07-08,24.6,24.62,24.54,24.55,6166,151507.22,,,,render_normalized,tasi_2026-07-01_2026-07-25_20260724T224740032444Z,94d585e940d3932814e16b2c2d9d8088a8133afb375bbf783cc9a920dc9f56a4
9407,2026-07-09,24.92,24.97,24.92,24.97,11048,275596.78,,,,render_normalized,tasi_2026-07-01_2026-07-25_20260724T224740032444Z,94d585e940d3932814e16b2c2d9d8088a8133afb375bbf783cc9a920dc9f56a4
9407,2026-07-12,25.5,25.52,25.48,25.49,3715,94710.56,,,,render_normalized,tasi_2026-07-01_2026-07-25_20260724T224740032444Z,94d585e940d3932814e16b2c2d9d8088a8133afb375bbf783cc9a920dc9f56a4
9407,2026-07-13,25.5,25.5,25.4,25.48,8500,216508.94,,,,render_normalized,tasi_2026-07-01_2026-07-25_20260724T224740032444Z,94d585e940d3932814e16b2c2d9d8088a8133afb375bbf783cc9a920dc9f56a4
9407,2026-07-14,24.93,24.95,24.93,24.95,5967,148811.62,,,,render_normalized,tasi_2026-07-01_2026-07-25_20260724T224740032444Z,94d585e940d3932814e16b2c2d9d8088a8133afb375bbf783cc9a920dc9f56a4
9407,2026-07-15,25.3,25.34,25.28,25.29,7648,193526.38,,,,render_normalized,tasi_2026-07-01_2026-07-25_20260724T224740032444Z,94d585e940d3932814e16b2c2d9d8088a8133afb375bbf783cc9a920dc9f56a4
9407,2026-07-16,25.16,25.18,25.1,25.1,9093,228545.42,,,,render_normalized,tasi_2026-07-01_2026-07-25_20260724T224740032444Z,94d585e940d3932814e16b2c2d9d8088a8133afb375bbf783cc9a920dc9f56a4
9407,2026-07-19,24.36,24.36,24.33,24.35,3665,89242.22,,,,render_normalized,tasi_2026-07-01_2026-07-25_20260724T224740032444Z,94d585e940d3932814e16b2c2d9d8088a8133afb375bbf783cc9a920dc9f56a4
9407,2026-07-20,24.33,24.54,24.32,24.53,16757,408644.71,,,,render_normalized,tasi_2026-07-01_2026-07-25_20260724T224740032444Z,94d585e940d3932814e16b2c2d9d8088a8133afb375bbf783cc9a920dc9f56a4
9407,2026-07-21,24.44,24.46,24.42,24.44,7559,184810.19,,,,render_normalized,tasi_2026-07-01_2026-07-25_20260724T224740032444Z,94d585e940d3932814e16b2c2d9d8088a8133afb375bbf783cc9a920dc9f56a4
9407,2026-07-22,24.95,24.95,24.67,24.87,19473,484303.34,,,,render_normalized,tasi_2026-07-01_2026-07-25_20260724T224740032444Z,94d585e940d3932814e16b2c2d9d8088a8133afb375bbf783cc9a920dc9f56a4
9407,2026-07-23,25.08,25.1,25.06,25.06,2025,50771.14,,,,render_normalized,tasi_2026-07-01_2026-07-25_20260724T224740032444Z,94d585e940d3932814e16b2c2d9d8088a8133afb375bbf783cc9a920dc9f56a4
9407,2026-07-26,24.36,24.36,24.33,24.36,7416,180589.26,,,,render_normalized,tasi_2026-07-26_2026-07-26_20260726T153020799318Z,1399c61e8f7fe46fad0af17b0f849573aed0c13690e21df7605aa5855d1d51ae
9407,2026-07-27,24.66,24.66,24.35,24.46,19709,481346.15,,,,render_normalized,tasi_2026-07-27_2026-07-27_20260727T153021805810Z,08e1cc329a03547ec4c23f2c91c1939d7f3b9ff851b637111c58a1c412e7a980
9407,2026-07-28,24.0,24.02,23.94,23.94,20462,490773.87,,,,render_normalized,tasi_2026-07-28_2026-07-28_20260728T153021299306Z,81778e79668b6fab38ad71abd544b6abf663a6cbc4c72c97310bc6d5ec4e0335
9407,2026-07-29,23.75,23.79,23.72,23.79,9827,233548.63,,,,render_normalized,tasi_2026-07-29_2026-07-29_20260729T153021317502Z,cfefe94f48b73159ae82df75463f4e3f4845d0dece465ad842aa061a0d350d8d
9407,2026-07-30,23.1,23.16,23.1,23.16,19560,452415.93,,,,render_normalized,tasi_2026-07-30_2026-07-30_20260730T153023201204Z,289b5b91df42eedaba58013d4e726e69d9b729d08635fcf0e5525b016c8d4704
9408,2026-07-01,8.11,8.18,8.09,8.17,8848,72047.72,,,,render_normalized,tasi_2026-07-01_2026-07-25_20260724T224740032444Z,94d585e940d3932814e16b2c2d9d8088a8133afb375bbf783cc9a920dc9f56a4
9408,2026-07-02,8.18,8.18,8.16,8.16,431,3525.38,,,,render_normalized,tasi_2026-07-01_2026-07-25_20260724T224740032444Z,94d585e940d3932814e16b2c2d9d8088a8133afb375bbf783cc9a920dc9f56a4
9408,2026-07-05,8.16,8.16,8.08,8.09,1398,11341.05,,,,render_normalized,tasi_2026-07-01_2026-07-25_20260724T224740032444Z,94d585e940d3932814e16b2c2d9d8088a8133afb375bbf783cc9a920dc9f56a4
9408,2026-07-06,8.08,8.08,8.06,8.07,438,3537.78,,,,render_normalized,tasi_2026-07-01_2026-07-25_20260724T224740032444Z,94d585e940d3932814e16b2c2d9d8088a8133afb375bbf783cc9a920dc9f56a4
9408,2026-07-07,8.09,8.13,8.09,8.12,4164,33797.93,,,,render_normalized,tasi_2026-07-01_2026-07-25_20260724T224740032444Z,94d585e940d3932814e16b2c2d9d8088a8133afb375bbf783cc9a920dc9f56a4
9408,2026-07-08,8.17,8.17,8.11,8.11,1873,15207.38,,,,render_normalized,tasi_2026-07-01_2026-07-25_20260724T224740032444Z,94d585e940d3932814e16b2c2d9d8088a8133afb375bbf783cc9a920dc9f56a4
9408,2026-07-09,8.11,8.11,8.08,8.08,586,4737.82,,,,render_normalized,tasi_2026-07-01_2026-07-25_20260724T224740032444Z,94d585e940d3932814e16b2c2d9d8088a8133afb375bbf783cc9a920dc9f56a4
9408,2026-07-12,8.08,8.11,8.08,8.08,5783,46804.02,,,,render_normalized,tasi_2026-07-01_2026-07-25_20260724T224740032444Z,94d585e940d3932814e16b2c2d9d8088a8133afb375bbf783cc9a920dc9f56a4
9408,2026-07-13,8.06,8.1,8.06,8.09,4702,38024.3,,,,render_normalized,tasi_2026-07-01_2026-07-25_20260724T224740032444Z,94d585e940d3932814e16b2c2d9d8088a8133afb375bbf783cc9a920dc9f56a4
9408,2026-07-14,8.05,8.07,8.02,8.02,5745,46231.33,,,,render_normalized,tasi_2026-07-01_2026-07-25_20260724T224740032444Z,94d585e940d3932814e16b2c2d9d8088a8133afb375bbf783cc9a920dc9f56a4
9408,2026-07-15,8.0,8.0,7.98,7.99,580,4639.35,,,,render_normalized,tasi_2026-07-01_2026-07-25_20260724T224740032444Z,94d585e940d3932814e16b2c2d9d8088a8133afb375bbf783cc9a920dc9f56a4
9408,2026-07-16,8.05,8.07,8.01,8.0,10562,85013.55,,,,render_normalized,tasi_2026-07-01_2026-07-25_20260724T224740032444Z,94d585e940d3932814e16b2c2d9d8088a8133afb375bbf783cc9a920dc9f56a4
9408,2026-07-19,8.0,8.0,7.91,7.94,7008,55636.87,,,,render_normalized,tasi_2026-07-01_2026-07-25_20260724T224740032444Z,94d585e940d3932814e16b2c2d9d8088a8133afb375bbf783cc9a920dc9f56a4
9408,2026-07-20,7.94,7.95,7.86,7.87,10291,81132.68,,,,render_normalized,tasi_2026-07-01_2026-07-25_20260724T224740032444Z,94d585e940d3932814e16b2c2d9d8088a8133afb375bbf783cc9a920dc9f56a4
9408,2026-07-21,7.9,7.9,7.87,7.89,402,3175.53,,,,render_normalized,tasi_2026-07-01_2026-07-25_20260724T224740032444Z,94d585e940d3932814e16b2c2d9d8088a8133afb375bbf783cc9a920dc9f56a4
9408,2026-07-22,7.88,7.9,7.88,7.91,3649,28786.88,,,,render_normalized,tasi_2026-07-01_2026-07-25_20260724T224740032444Z,94d585e940d3932814e16b2c2d9d8088a8133afb375bbf783cc9a920dc9f56a4
9408,2026-07-23,7.92,7.96,7.91,7.96,12407,98464.82,,,,render_normalized,tasi_2026-07-01_2026-07-25_20260724T224740032444Z,94d585e940d3932814e16b2c2d9d8088a8133afb375bbf783cc9a920dc9f56a4
9408,2026-07-26,7.99,7.99,7.95,7.95,4074,32443.17,,,,render_normalized,tasi_2026-07-26_2026-07-26_20260726T153020799318Z,1399c61e8f7fe46fad0af17b0f849573aed0c13690e21df7605aa5855d1d51ae
9408,2026-07-27,8.16,8.16,7.98,7.99,4172,33396.81,,,,render_normalized,tasi_2026-07-27_2026-07-27_20260727T153021805810Z,08e1cc329a03547ec4c23f2c91c1939d7f3b9ff851b637111c58a1c412e7a980
9408,2026-07-28,7.98,7.98,7.9,7.94,10754,85131.62,,,,render_normalized,tasi_2026-07-28_2026-07-28_20260728T153021299306Z,81778e79668b6fab38ad71abd544b6abf663a6cbc4c72c97310bc6d5ec4e0335
9408,2026-07-29,7.88,7.88,7.84,7.86,2541,20000.07,,,,render_normalized,tasi_2026-07-29_2026-07-29_20260729T153021317502Z,cfefe94f48b73159ae82df75463f4e3f4845d0dece465ad842aa061a0d350d8d
9408,2026-07-30,7.84,7.84,7.82,7.84,640,5017.42,,,,render_normalized,tasi_2026-07-30_2026-07-30_20260730T153023201204Z,289b5b91df42eedaba58013d4e726e69d9b729d08635fcf0e5525b016c8d4704
9409,2026-07-01,10.39,10.39,10.38,10.34,27,280.37,,,,render_normalized,tasi_2026-07-01_2026-07-25_20260724T224740032444Z,94d585e940d3932814e16b2c2d9d8088a8133afb375bbf783cc9a920dc9f56a4
9409,2026-07-02,10.29,10.44,10.29,10.34,66,681.09,,,,render_normalized,tasi_2026-07-01_2026-07-25_20260724T224740032444Z,94d585e940d3932814e16b2c2d9d8088a8133afb375bbf783cc9a920dc9f56a4
9409,2026-07-05,10.37,10.37,10.29,10.34,151,1560.88,,,,render_normalized,tasi_2026-07-01_2026-07-25_20260724T224740032444Z,94d585e940d3932814e16b2c2d9d8088a8133afb375bbf783cc9a920dc9f56a4
9409,2026-07-06,10.34,10.35,10.34,10.35,32,330.89,,,,render_normalized,tasi_2026-07-01_2026-07-25_20260724T224740032444Z,94d585e940d3932814e16b2c2d9d8088a8133afb375bbf783cc9a920dc9f56a4
9409,2026-07-07,10.34,10.35,10.34,10.36,543,5619.98,,,,render_normalized,tasi_2026-07-01_2026-07-25_20260724T224740032444Z,94d585e940d3932814e16b2c2d9d8088a8133afb375bbf783cc9a920dc9f56a4
9409,2026-07-08,10.3,10.34,10.3,10.32,31,319.42,,,,render_normalized,tasi_2026-07-01_2026-07-25_20260724T224740032444Z,94d585e940d3932814e16b2c2d9d8088a8133afb375bbf783cc9a920dc9f56a4
9409,2026-07-09,10.38,10.4,10.23,10.22,610,6297.58,,,,render_normalized,tasi_2026-07-01_2026-07-25_20260724T224740032444Z,94d585e940d3932814e16b2c2d9d8088a8133afb375bbf783cc9a920dc9f56a4
9409,2026-07-12,10.24,10.39,10.24,10.39,235,2424.78,,,,render_normalized,tasi_2026-07-01_2026-07-25_20260724T224740032444Z,94d585e940d3932814e16b2c2d9d8088a8133afb375bbf783cc9a920dc9f56a4
9409,2026-07-13,10.43,10.43,10.39,10.32,13,135.11,,,,render_normalized,tasi_2026-07-01_2026-07-25_20260724T224740032444Z,94d585e940d3932814e16b2c2d9d8088a8133afb375bbf783cc9a920dc9f56a4
9409,2026-07-14,10.25,10.34,10.2,10.28,11,113.15,,,,render_normalized,tasi_2026-07-01_2026-07-25_20260724T224740032444Z,94d585e940d3932814e16b2c2d9d8088a8133afb375bbf783cc9a920dc9f56a4
9409,2026-07-15,10.21,10.29,10.21,10.25,263,2696.29,,,,render_normalized,tasi_2026-07-01_2026-07-25_20260724T224740032444Z,94d585e940d3932814e16b2c2d9d8088a8133afb375bbf783cc9a920dc9f56a4
9409,2026-07-16,10.27,10.27,10.12,10.21,74,757.14,,,,render_normalized,tasi_2026-07-01_2026-07-25_20260724T224740032444Z,94d585e940d3932814e16b2c2d9d8088a8133afb375bbf783cc9a920dc9f56a4
9409,2026-07-19,10.05,10.24,10.05,10.16,220,2233.62,,,,render_normalized,tasi_2026-07-01_2026-07-25_20260724T224740032444Z,94d585e940d3932814e16b2c2d9d8088a8133afb375bbf783cc9a920dc9f56a4
9409,2026-07-20,10.08,10.19,10.01,10.11,151,1526.77,,,,render_normalized,tasi_2026-07-01_2026-07-25_20260724T224740032444Z,94d585e940d3932814e16b2c2d9d8088a8133afb375bbf783cc9a920dc9f56a4
9409,2026-07-21,10.3,10.3,10.06,10.18,146,1475.11,,,,render_normalized,tasi_2026-07-01_2026-07-25_20260724T224740032444Z,94d585e940d3932814e16b2c2d9d8088a8133afb375bbf783cc9a920dc9f56a4
9409,2026-07-22,10.23,10.23,10.18,10.21,29,295.97,,,,render_normalized,tasi_2026-07-01_2026-07-25_20260724T224740032444Z,94d585e940d3932814e16b2c2d9d8088a8133afb375bbf783cc9a920dc9f56a4
9409,2026-07-23,10.18,10.2,10.09,10.14,422,4300.91,,,,render_normalized,tasi_2026-07-01_2026-07-25_20260724T224740032444Z,94d585e940d3932814e16b2c2d9d8088a8133afb375bbf783cc9a920dc9f56a4
9409,2026-07-26,10.24,10.24,10.23,10.19,209,2140.11,,,,render_normalized,tasi_2026-07-26_2026-07-26_20260726T153020799318Z,1399c61e8f7fe46fad0af17b0f849573aed0c13690e21df7605aa5855d1d51ae
9409,2026-07-27,10.23,10.23,10.05,10.12,2089,21014.33,,,,render_normalized,tasi_2026-07-27_2026-07-27_20260727T153021805810Z,08e1cc329a03547ec4c23f2c91c1939d7f3b9ff851b637111c58a1c412e7a980
9409,2026-07-28,10.18,10.3,10.07,10.3,2095,21290.1,,,,render_normalized,tasi_2026-07-28_2026-07-28_20260728T153021299306Z,81778e79668b6fab38ad71abd544b6abf663a6cbc4c72c97310bc6d5ec4e0335
9409,2026-07-29,10.36,10.36,10.23,10.31,8355,85566.28,,,,render_normalized,tasi_2026-07-29_2026-07-29_20260729T153021317502Z,cfefe94f48b73159ae82df75463f4e3f4845d0dece465ad842aa061a0d350d8d
9409,2026-07-30,10.24,10.24,10.14,10.13,412,4204.54,,,,render_normalized,tasi_2026-07-30_2026-07-30_20260730T153023201204Z,289b5b91df42eedaba58013d4e726e69d9b729d08635fcf0e5525b016c8d4704
9410,2026-07-01,10.05,10.05,10.05,10.05,860,8643.0,,,,render_normalized,tasi_2026-07-01_2026-07-25_20260724T224740032444Z,94d585e940d3932814e16b2c2d9d8088a8133afb375bbf783cc9a920dc9f56a4
9410,2026-07-02,10.05,10.19,10.05,10.18,16353,165642.29,,,,render_normalized,tasi_2026-07-01_2026-07-25_20260724T224740032444Z,94d585e940d3932814e16b2c2d9d8088a8133afb375bbf783cc9a920dc9f56a4
9410,2026-07-05,10.4,10.47,10.4,10.42,4952,51662.56,,,,render_normalized,tasi_2026-07-01_2026-07-25_20260724T224740032444Z,94d585e940d3932814e16b2c2d9d8088a8133afb375bbf783cc9a920dc9f56a4
9410,2026-07-06,10.46,10.47,10.45,10.46,3568,37336.56,,,,render_normalized,tasi_2026-07-01_2026-07-25_20260724T224740032444Z,94d585e940d3932814e16b2c2d9d8088a8133afb375bbf783cc9a920dc9f56a4
9410,2026-07-07,10.47,10.49,10.39,10.4,3167,33055.46,,,,render_normalized,tasi_2026-07-01_2026-07-25_20260724T224740032444Z,94d585e940d3932814e16b2c2d9d8088a8133afb375bbf783cc9a920dc9f56a4
9410,2026-07-08,10.5,10.53,10.47,10.5,5112,53648.4,,,,render_normalized,tasi_2026-07-01_2026-07-25_20260724T224740032444Z,94d585e940d3932814e16b2c2d9d8088a8133afb375bbf783cc9a920dc9f56a4
9410,2026-07-09,10.45,10.45,10.43,10.44,978,10219.86,,,,render_normalized,tasi_2026-07-01_2026-07-25_20260724T224740032444Z,94d585e940d3932814e16b2c2d9d8088a8133afb375bbf783cc9a920dc9f56a4
9410,2026-07-12,10.52,10.53,10.52,10.52,3152,33171.05,,,,render_normalized,tasi_2026-07-01_2026-07-25_20260724T224740032444Z,94d585e940d3932814e16b2c2d9d8088a8133afb375bbf783cc9a920dc9f56a4
9410,2026-07-13,10.5,10.5,10.45,10.47,820,8588.24,,,,render_normalized,tasi_2026-07-01_2026-07-25_20260724T224740032444Z,94d585e940d3932814e16b2c2d9d8088a8133afb375bbf783cc9a920dc9f56a4
9410,2026-07-14,10.57,10.65,10.57,10.61,11611,123087.2,,,,render_normalized,tasi_2026-07-01_2026-07-25_20260724T224740032444Z,94d585e940d3932814e16b2c2d9d8088a8133afb375bbf783cc9a920dc9f56a4
9410,2026-07-15,10.7,10.87,10.7,10.87,18950,204295.6,,,,render_normalized,tasi_2026-07-01_2026-07-25_20260724T224740032444Z,94d585e940d3932814e16b2c2d9d8088a8133afb375bbf783cc9a920dc9f56a4
9410,2026-07-16,10.86,10.97,10.86,10.96,15015,163592.55,,,,render_normalized,tasi_2026-07-01_2026-07-25_20260724T224740032444Z,94d585e940d3932814e16b2c2d9d8088a8133afb375bbf783cc9a920dc9f56a4
9410,2026-07-19,10.66,10.66,10.64,10.66,556,5926.6,,,,render_normalized,tasi_2026-07-01_2026-07-25_20260724T224740032444Z,94d585e940d3932814e16b2c2d9d8088a8133afb375bbf783cc9a920dc9f56a4
9410,2026-07-20,10.67,10.78,10.67,10.71,16559,177203.03,,,,render_normalized,tasi_2026-07-01_2026-07-25_20260724T224740032444Z,94d585e940d3932814e16b2c2d9d8088a8133afb375bbf783cc9a920dc9f56a4
9410,2026-07-21,10.9,10.96,10.9,10.96,11080,121107.64,,,,render_normalized,tasi_2026-07-01_2026-07-25_20260724T224740032444Z,94d585e940d3932814e16b2c2d9d8088a8133afb375bbf783cc9a920dc9f56a4
9410,2026-07-22,11.0,11.0,10.77,10.87,24836,271102.54,,,,render_normalized,tasi_2026-07-01_2026-07-25_20260724T224740032444Z,94d585e940d3932814e16b2c2d9d8088a8133afb375bbf783cc9a920dc9f56a4
9410,2026-07-23,11.0,11.11,10.97,11.04,14553,160499.82,,,,render_normalized,tasi_2026-07-01_2026-07-25_20260724T224740032444Z,94d585e940d3932814e16b2c2d9d8088a8133afb375bbf783cc9a920dc9f56a4
9410,2026-07-26,11.04,11.04,10.95,10.96,2487,27258.76,,,,render_normalized,tasi_2026-07-26_2026-07-26_20260726T153020799318Z,1399c61e8f7fe46fad0af17b0f849573aed0c13690e21df7605aa5855d1d51ae
9410,2026-07-27,10.97,11.19,10.9,11.06,5557,61294.79,,,,render_normalized,tasi_2026-07-27_2026-07-27_20260727T153021805810Z,08e1cc329a03547ec4c23f2c91c1939d7f3b9ff851b637111c58a1c412e7a980
9410,2026-07-28,11.0,11.0,10.94,10.98,3017,33048.7,,,,render_normalized,tasi_2026-07-28_2026-07-28_20260728T153021299306Z,81778e79668b6fab38ad71abd544b6abf663a6cbc4c72c97310bc6d5ec4e0335
9410,2026-07-29,11.17,11.2,11.16,11.18,7419,82996.59,,,,render_normalized,tasi_2026-07-29_2026-07-29_20260729T153021317502Z,cfefe94f48b73159ae82df75463f4e3f4845d0dece465ad842aa061a0d350d8d
9410,2026-07-30,11.12,11.12,11.08,11.08,2936,32585.33,,,,render_normalized,tasi_2026-07-30_2026-07-30_20260730T153023201204Z,289b5b91df42eedaba58013d4e726e69d9b729d08635fcf0e5525b016c8d4704
9411,2026-07-01,11.6,11.6,11.56,11.59,2071,24015.44,,,,render_normalized,tasi_2026-07-01_2026-07-25_20260724T224740032444Z,94d585e940d3932814e16b2c2d9d8088a8133afb375bbf783cc9a920dc9f56a4
9411,2026-07-02,11.66,11.68,11.64,11.66,1462,17035.45,,,,render_normalized,tasi_2026-07-01_2026-07-25_20260724T224740032444Z,94d585e940d3932814e16b2c2d9d8088a8133afb375bbf783cc9a920dc9f56a4
9411,2026-07-05,11.66,11.66,11.64,11.65,5243,61055.06,,,,render_normalized,tasi_2026-07-01_2026-07-25_20260724T224740032444Z,94d585e940d3932814e16b2c2d9d8088a8133afb375bbf783cc9a920dc9f56a4
9411,2026-07-06,11.86,11.9,11.82,11.85,16986,201522.97,,,,render_normalized,tasi_2026-07-01_2026-07-25_20260724T224740032444Z,94d585e940d3932814e16b2c2d9d8088a8133afb375bbf783cc9a920dc9f56a4
9411,2026-07-07,11.84,11.84,11.82,11.83,252,2981.66,,,,render_normalized,tasi_2026-07-01_2026-07-25_20260724T224740032444Z,94d585e940d3932814e16b2c2d9d8088a8133afb375bbf783cc9a920dc9f56a4
9411,2026-07-08,11.82,12.62,11.81,12.18,12995,158494.31,,,,render_normalized,tasi_2026-07-01_2026-07-25_20260724T224740032444Z,94d585e940d3932814e16b2c2d9d8088a8133afb375bbf783cc9a920dc9f56a4
9411,2026-07-09,12.24,12.24,12.13,12.14,4832,58727.82,,,,render_normalized,tasi_2026-07-01_2026-07-25_20260724T224740032444Z,94d585e940d3932814e16b2c2d9d8088a8133afb375bbf783cc9a920dc9f56a4
9411,2026-07-12,12.24,12.24,12.11,12.11,806,9765.98,,,,render_normalized,tasi_2026-07-01_2026-07-25_20260724T224740032444Z,94d585e940d3932814e16b2c2d9d8088a8133afb375bbf783cc9a920dc9f56a4
9411,2026-07-13,12.11,12.2,12.11,12.2,4239,51608.18,,,,render_normalized,tasi_2026-07-01_2026-07-25_20260724T224740032444Z,94d585e940d3932814e16b2c2d9d8088a8133afb375bbf783cc9a920dc9f56a4
9411,2026-07-14,12.24,12.29,12.24,12.29,910,11162.61,,,,render_normalized,tasi_2026-07-01_2026-07-25_20260724T224740032444Z,94d585e940d3932814e16b2c2d9d8088a8133afb375bbf783cc9a920dc9f56a4
9411,2026-07-15,11.2,12.5,11.2,12.47,6378,79474.11,,,,render_normalized,tasi_2026-07-01_2026-07-25_20260724T224740032444Z,94d585e940d3932814e16b2c2d9d8088a8133afb375bbf783cc9a920dc9f56a4
9411,2026-07-16,13.0,13.0,12.6,12.62,3006,38328.72,,,,render_normalized,tasi_2026-07-01_2026-07-25_20260724T224740032444Z,94d585e940d3932814e16b2c2d9d8088a8133afb375bbf783cc9a920dc9f56a4
9411,2026-07-19,12.64,12.64,12.38,12.38,300,3725.75,,,,render_normalized,tasi_2026-07-01_2026-07-25_20260724T224740032444Z,94d585e940d3932814e16b2c2d9d8088a8133afb375bbf783cc9a920dc9f56a4
9411,2026-07-20,12.6,12.6,12.58,12.59,155,1951.66,,,,render_normalized,tasi_2026-07-01_2026-07-25_20260724T224740032444Z,94d585e940d3932814e16b2c2d9d8088a8133afb375bbf783cc9a920dc9f56a4
9411,2026-07-21,12.6,12.72,12.6,12.69,161,2041.28,,,,render_normalized,tasi_2026-07-01_2026-07-25_20260724T224740032444Z,94d585e940d3932814e16b2c2d9d8088a8133afb375bbf783cc9a920dc9f56a4
9411,2026-07-22,12.6,12.6,12.56,12.57,120,1508.2,,,,render_normalized,tasi_2026-07-01_2026-07-25_20260724T224740032444Z,94d585e940d3932814e16b2c2d9d8088a8133afb375bbf783cc9a920dc9f56a4
9411,2026-07-23,12.7,12.73,12.7,12.72,422,5361.86,,,,render_normalized,tasi_2026-07-01_2026-07-25_20260724T224740032444Z,94d585e940d3932814e16b2c2d9d8088a8133afb375bbf783cc9a920dc9f56a4
9411,2026-07-26,12.73,12.73,12.59,12.61,432,5441.9,,,,render_normalized,tasi_2026-07-26_2026-07-26_20260726T153020799318Z,1399c61e8f7fe46fad0af17b0f849573aed0c13690e21df7605aa5855d1d51ae
9411,2026-07-27,12.7,12.75,12.7,12.73,1091,13906.86,,,,render_normalized,tasi_2026-07-27_2026-07-27_20260727T153021805810Z,08e1cc329a03547ec4c23f2c91c1939d7f3b9ff851b637111c58a1c412e7a980
9411,2026-07-28,13.0,13.0,12.72,12.73,466,5954.67,,,,render_normalized,tasi_2026-07-28_2026-07-28_20260728T153021299306Z,81778e79668b6fab38ad71abd544b6abf663a6cbc4c72c97310bc6d5ec4e0335
9411,2026-07-29,13.0,13.01,12.95,12.95,9487,123355.4,,,,render_normalized,tasi_2026-07-29_2026-07-29_20260729T153021317502Z,cfefe94f48b73159ae82df75463f4e3f4845d0dece465ad842aa061a0d350d8d
9411,2026-07-30,13.2,13.2,13.0,13.0,1533,20148.07,,,,render_normalized,tasi_2026-07-30_2026-07-30_20260730T153023201204Z,289b5b91df42eedaba58013d4e726e69d9b729d08635fcf0e5525b016c8d4704
9412,2026-07-01,9.43,9.47,9.39,9.45,17969,169214.15,,,,render_normalized,tasi_2026-07-01_2026-07-25_20260724T224740032444Z,94d585e940d3932814e16b2c2d9d8088a8133afb375bbf783cc9a920dc9f56a4
9412,2026-07-02,9.48,9.48,9.46,9.48,1102,10433.28,,,,render_normalized,tasi_2026-07-01_2026-07-25_20260724T224740032444Z,94d585e940d3932814e16b2c2d9d8088a8133afb375bbf783cc9a920dc9f56a4
9412,2026-07-05,9.45,9.45,9.41,9.43,4214,39765.63,,,,render_normalized,tasi_2026-07-01_2026-07-25_20260724T224740032444Z,94d585e940d3932814e16b2c2d9d8088a8133afb375bbf783cc9a920dc9f56a4
9412,2026-07-06,9.4,9.44,9.4,9.43,3621,34108.32,,,,render_normalized,tasi_2026-07-01_2026-07-25_20260724T224740032444Z,94d585e940d3932814e16b2c2d9d8088a8133afb375bbf783cc9a920dc9f56a4
9412,2026-07-07,9.44,9.44,9.38,9.43,3934,37011.87,,,,render_normalized,tasi_2026-07-01_2026-07-25_20260724T224740032444Z,94d585e940d3932814e16b2c2d9d8088a8133afb375bbf783cc9a920dc9f56a4
9412,2026-07-08,9.45,9.52,9.4,9.46,22227,210183.71,,,,render_normalized,tasi_2026-07-01_2026-07-25_20260724T224740032444Z,94d585e940d3932814e16b2c2d9d8088a8133afb375bbf783cc9a920dc9f56a4
9412,2026-07-09,9.47,9.48,9.42,9.43,5803,54855.27,,,,render_normalized,tasi_2026-07-01_2026-07-25_20260724T224740032444Z,94d585e940d3932814e16b2c2d9d8088a8133afb375bbf783cc9a920dc9f56a4
9412,2026-07-12,9.41,9.42,9.4,9.41,3260,30685.06,,,,render_normalized,tasi_2026-07-01_2026-07-25_20260724T224740032444Z,94d585e940d3932814e16b2c2d9d8088a8133afb375bbf783cc9a920dc9f56a4
9412,2026-07-13,9.46,9.46,9.44,9.46,855,8087.34,,,,render_normalized,tasi_2026-07-01_2026-07-25_20260724T224740032444Z,94d585e940d3932814e16b2c2d9d8088a8133afb375bbf783cc9a920dc9f56a4
9412,2026-07-14,9.42,9.42,9.37,9.37,2741,25783.07,,,,render_normalized,tasi_2026-07-01_2026-07-25_20260724T224740032444Z,94d585e940d3932814e16b2c2d9d8088a8133afb375bbf783cc9a920dc9f56a4
9412,2026-07-15,9.37,9.38,9.33,9.35,2949,27620.65,,,,render_normalized,tasi_2026-07-01_2026-07-25_20260724T224740032444Z,94d585e940d3932814e16b2c2d9d8088a8133afb375bbf783cc9a920dc9f56a4
9412,2026-07-16,9.33,9.34,9.31,9.33,5614,52359.33,,,,render_normalized,tasi_2026-07-01_2026-07-25_20260724T224740032444Z,94d585e940d3932814e16b2c2d9d8088a8133afb375bbf783cc9a920dc9f56a4
9412,2026-07-19,9.34,9.34,9.27,9.32,5134,47669.49,,,,render_normalized,tasi_2026-07-01_2026-07-25_20260724T224740032444Z,94d585e940d3932814e16b2c2d9d8088a8133afb375bbf783cc9a920dc9f56a4
9412,2026-07-20,9.33,9.33,9.31,9.32,1500,13992.53,,,,render_normalized,tasi_2026-07-01_2026-07-25_20260724T224740032444Z,94d585e940d3932814e16b2c2d9d8088a8133afb375bbf783cc9a920dc9f56a4
9412,2026-07-21,9.33,9.35,9.27,9.28,5741,53266.32,,,,render_normalized,tasi_2026-07-01_2026-07-25_20260724T224740032444Z,94d585e940d3932814e16b2c2d9d8088a8133afb375bbf783cc9a920dc9f56a4
9412,2026-07-22,9.34,9.34,9.26,9.29,13677,127285.92,,,,render_normalized,tasi_2026-07-01_2026-07-25_20260724T224740032444Z,94d585e940d3932814e16b2c2d9d8088a8133afb375bbf783cc9a920dc9f56a4
9412,2026-07-23,9.3,9.34,9.29,9.33,3837,35723.32,,,,render_normalized,tasi_2026-07-01_2026-07-25_20260724T224740032444Z,94d585e940d3932814e16b2c2d9d8088a8133afb375bbf783cc9a920dc9f56a4
9412,2026-07-26,9.33,9.35,9.33,9.34,4567,42654.98,,,,render_normalized,tasi_2026-07-26_2026-07-26_20260726T153020799318Z,1399c61e8f7fe46fad0af17b0f849573aed0c13690e21df7605aa5855d1d51ae
9412,2026-07-27,9.26,9.5,9.26,9.32,5865,54672.43,,,,render_normalized,tasi_2026-07-27_2026-07-27_20260727T153021805810Z,08e1cc329a03547ec4c23f2c91c1939d7f3b9ff851b637111c58a1c412e7a980
9412,2026-07-28,9.34,9.34,9.26,9.27,16137,150090.85,,,,render_normalized,tasi_2026-07-28_2026-07-28_20260728T153021299306Z,81778e79668b6fab38ad71abd544b6abf663a6cbc4c72c97310bc6d5ec4e0335
9412,2026-07-29,9.24,9.24,9.1,9.14,32760,300299.24,,,,render_normalized,tasi_2026-07-29_2026-07-29_20260729T153021317502Z,cfefe94f48b73159ae82df75463f4e3f4845d0dece465ad842aa061a0d350d8d
9412,2026-07-30,9.15,9.16,9.15,9.16,4996,45718.94,,,,render_normalized,tasi_2026-07-30_2026-07-30_20260730T153023201204Z,289b5b91df42eedaba58013d4e726e69d9b729d08635fcf0e5525b016c8d4704
